9.292557762750072
8.780144641683103
10.192624910242776
8.724024577572965
8.796880013654206
9.730925925925925
11.094444444444445
11.320987654320987
8.856111111111112
10.407283950617284
13.539382716049381
9.68962962962963
11.189074074074073
8.913703703703703
8.09728997289973
10.380325203252033
11.14047619047619
9.5652596212584
9.795090612909794
9.029709835064143
10.601244145795153
11.37784259824883
9.01194359600896
11.231304215027489
8.995765628181633
8.888755854204847
12.081977194054165
11.391255345143556
8.995032579922622
9.087424149867644
10.480946854001221
10.529736306251273
8.133933007534107
9.042162492364081
12.8127031154551
5.106298106291998
9.755886784768887
11.197710242313175
10.687895540623092
9.048874582961327
6.732931723133311
11.318617076265213
10.448969503312814
9.694302899299844
12.026003947182932
9.757814012499413
10.465442883323151
9.03209200695456
10.51302617358207
10.474956533997462
8.118417837507636
11.329981203890794
11.28880926648184
8.402488134956064
9.007499177670223
12.05613505004464
9.021207650016446
9.754428363328792
11.288472346224331
12.016366242187868
7.632246135050044
8.175737042432218
11.299044687749637
11.24694015043145
12.070994416501312
9.752008675188037
12.812596557611554
12.162525956347192
10.382870656637904
10.683675880208575
9.753968898527987
12.012223709104333
9.776177841354807
9.96827742143879
11.34181256056481
10.513327026902312
11.381731807484657
7.306610677864428
6.798873609893406
6.828224355128975
7.568432005906511
7.47917678002861
10.59777629089567
10.524074108255272
6.660013381938999
12.069666374417425
8.104288680725393
12.108429237229478
10.485044529555628
8.953658345254025
11.101881316044482
10.516816021411103
7.58673157676157
8.473117991786259
8.22830141663975
8.85874625074985
8.936668358635966
10.588961284666143
10.500132896497623
9.047338378478152
11.44202482580407
12.087317613400396
7.605330626182457
8.959071108855152
10.489928937289465
11.203314106409486
10.468711642286928
9.797973328411242
11.33227492962946
9.861096857551566
8.257105348161137
8.956974297448202
11.231377416824326
8.35734207004753
8.996714041807024
8.41236306584837
10.581354344515711
10.649257533108763
9.736572839278297
9.739173549905404
11.386587144109638
9.07638872225555
9.080372848507222
12.728076230907664
9.754024733514836
8.940143509759586
10.458139910479442
12.020747542799134
9.918619353052465
9.11959715749158
12.953905218956209
11.269910940888744
8.24259563471921
11.331481242213098
9.970309168935445
9.768481842093122
11.163817082737301
10.4355985945668
12.112161282029309
10.626860056560115
10.394559945153826
9.784111749078756
6.593058531150914
9.062243551289743
8.935631159482387
9.768737681035223
8.315635444339705
7.465404919016195
9.789075327791586
7.537466792355814
10.572334390264805
9.082134715913961
9.808362327534493
9.818288627988688
9.54722169851744
9.071839060759276
4.257613334475962
10.49791327448796
11.203856371582825
9.85114577084583
11.39015939669209
11.39326506127346
9.19146370725855
11.316686948324621
8.294325134973006
11.205865112691747
10.658939926300455
9.101250321364299
9.058119804610506
9.71905904533379
8.261445710857828
12.132352386665525
10.612412374667922
10.67741794498243
6.818839660639302
8.988035821407147
11.217133430456766
9.816479561230611
8.224140886108492
9.131239180735282
10.521306024509386
9.762927414517096
12.917506213043104
9.100017139429257
10.597226840346215
11.343181078070101
8.98759105321793
9.956162481789356
8.95273630988088
9.139915159825177
11.463154511954754
5.351876767503643
9.877477932984831
11.334845316650956
8.1893264204302
8.893230782414944
9.668223498157513
10.58748650269946
7.310568172079869
8.215029565515469
9.062616333876083
11.328861941897335
13.582881138058102
9.801587968120662
8.32299768617705
10.52284771617105
11.425378352900847
11.21459422401234
8.306637243979775
9.737135144399693
9.708881652240981
9.682278687119718
7.613891507412803
8.290287942411515
12.27074556517268
7.453111663381608
9.777102579484103
9.722652326677522
7.347626189047905
10.603454451966751
6.178541434570229
11.330236524123746
11.977103008567447
8.195173341303049
9.002014345487149
7.605212193664077
9.653770671448497
9.03013249651325
9.10870392508468
8.88256923689978
8.988307431759315
10.576091850966328
9.195460251046025
11.28925084678223
8.41513847379956
10.566710500099623
9.844762900976288
10.568629209005778
11.977728631201433
10.514591552102011
12.879608487746562
10.576717473600318
9.74490635584778
9.666989440127514
9.947893006575017
11.337263399083483
10.537895995218172
12.790538951982466
12.062503486750352
11.260644550707312
11.254907352062165
11.234245865710301
8.30020023909145
9.768736800159393
12.014663279537755
9.721559075513051
10.495638573421
9.768595337716677
12.103258617254435
12.83193962940825
12.835599721059971
9.78619446104802
12.12423988842399
9.760551902769476
10.606998406056984
9.790759115361626
11.221035066746364
12.141387726638772
12.029645347678821
9.684942219565652
9.87409244869496
8.227516437537359
11.195666467423786
9.832523411038057
11.353370193265592
11.970960350667465
11.3241711496314
9.04197350069735
8.392846184498906
11.296678621239291
6.699081490336719
12.124276748356246
8.141488344291691
10.528378162980673
12.012242478581388
9.695171348874279
9.034722056186492
11.883464833632198
11.28508268579398
12.155645546921699
9.901032078103206
12.769051603905162
9.10828053397091
10.601528192867104
13.55459454074517
14.334412233512651
11.212949790794978
11.891270173341303
11.168274556684597
12.833162980673443
12.1704144251843
11.950168360231121
7.766295078700937
8.241100816895795
8.24351364813708
6.680793982865113
5.21538254632397
5.49186491332935
7.540301852958757
8.213535564853558
7.314547718669057
4.41716377764495
3.82375273958956
9.807094042637978
8.370966327953775
9.057028292488543
7.6661018131101795
11.410158398087269
9.678132098027497
9.8065012950787
10.608583383144051
6.757059175134489
10.619744969117352
11.325074716078898
9.10354353456864
10.627165770073718
11.217653915122536
10.491903765690376
9.783679019725046
10.648979876469415
8.309394301653715
11.181906754333532
11.342884040645547
9.749076509264793
7.498632197648933
10.584104403267585
9.859322574217972
9.10339808726838
11.973919107391911
8.185044829647339
9.78410539948197
11.300550906555092
11.310236102809325
8.908691970512056
11.966052002390914
9.02863120143455
8.29002789400279
11.302153815501095
9.128003586371788
10.607933851364816
11.351562064156205
9.127239489938233
12.119430165371588
13.612711695556884
9.711384737995616
12.02201633791592
10.559709105399484
11.376891811117753
10.585045825861725
10.55541641761307
11.209084478979875
11.413332337118948
10.419611476389719
8.215038852361028
12.867765491133692
7.443047419804741
8.300968320382546
6.960729228930066
9.030613668061367
7.69264196054991
8.270826857939829
11.441456465431363
10.477425782028293
12.090131500298863
9.820759115361627
6.661515242080096
8.29091651723451
10.477513448894202
9.812084080494122
12.20734508866308
8.82932954771867
6.67382546323969
11.287588164973103
10.675795975293884
9.752423789599524
6.780029886431562
11.186504283721858
12.793447897987647
8.93916716477386
6.787057182705718
12.156679617453676
9.88727236501295
12.172955768081291
6.6901484359434145
12.781387726638773
10.577864116357842
12.154278740785017
9.826401673640166
8.914504881450489
9.752484558677025
12.881456465431361
13.695188284518828
11.998949990037856
12.805987248455867
12.81403666068938
11.995079697150826
11.43159593544531
13.587487547320183
11.268670053795576
12.078042438732815
13.541076907750547
12.130169356445506
9.811628810520023
10.547480573819485
12.722739589559673
12.86494221956565
12.040413428969915
9.692099023709902
8.291828053397092
12.14632396891811
12.073577405857739
14.347068141063957
14.421773261605898
13.59974795776051
13.612261406654714
12.821597927874079
13.645360629607492
14.438775652520423
12.899503885236102
13.639426180514047
14.31253935046822
12.872430763100219
13.647340107591154
14.305671448495715
14.335885634588564
14.333898186889819
14.343649133293486
13.526867901972503
14.40365411436541
13.621714484957161
14.344731022115958
14.338850368599322
13.563264594540744
14.333793584379357
13.498597330145447
14.420228133094241
14.320331739390317
14.438876270173342
14.28574317593146
14.320097629009762
14.399889420203229
13.588113169954175
14.26017931858936
14.386509264793784
14.323199840605698
14.431802151823073
14.351418609284718
14.356648734807731
14.333304443116159
9.746459454074518
7.5099910340705325
8.301680613668061
8.901560071727435
10.554618449890416
9.066801155608687
8.32434449093445
9.88179418210799
10.565379557680812
10.567366009165172
10.417626021119744
10.467758517632996
12.096122733612273
12.797147838214784
11.358106196453477
11.312046224347478
13.667692767483562
12.900295875672446
13.646752341103806
12.80413927077107
13.596611874875473
14.31943813508667
13.591840007969715
13.553494720063757
14.368557481570035
13.597696752341104
13.545323769675234
13.604750946403666
14.36403267583184
14.369980075712293
14.283093245666468
13.503126120741184
12.786265192269376
13.635150428372187
12.054694162183702
12.048282526399682
7.564166168559474
13.616329946204424
10.512153815501096
9.800788005578802
10.53521817095039
