423.0
334.0
507.0
324.0
688.0
285.0
531.0
202.0
531.0
376.0
191.0
255.0
381.0
285.0
748.0
924.0
753.0
2042.0
1008.0
414.0
689.0
390.0
432.0
879.0
424.0
948.0
677.0
225.0
436.0
315.0
803.0
359.0
454.0
292.0
365.0
388.0
613.0
665.0
280.0
711.0
292.0
413.0
785.0
1831.0
418.0
338.0
402.0
545.0
706.0
347.0
517.0
504.0
498.0
400.0
595.0
504.0
358.0
1086.0
365.0
198.0
341.0
372.0
406.0
1936.0
304.0
1236.0
226.0
240.0
760.0
426.0
357.0
1335.0
333.0
298.0
534.0
201.0
343.0
890.0
365.0
363.0
616.0
501.0
332.0
663.0
2013.0
916.0
980.0
257.0
634.0
375.0
1392.0
566.0
452.0
602.0
631.0
521.0
312.0
620.0
562.0
506.0
274.0
314.0
501.0
413.0
232.0
1304.0
201.0
598.0
475.0
251.0
574.0
807.0
1067.0
429.0
401.0
512.0
298.0
692.0
429.0
360.0
339.0
727.0
558.0
327.0
651.0
549.0
249.0
244.0
459.0
276.0
435.0
399.0
662.0
360.0
636.0
410.0
398.0
1788.0
345.0
481.0
948.0
503.0
592.0
296.0
692.0
283.0
811.0
410.0
325.0
328.0
485.0
274.0
194.0
481.0
856.0
398.0
397.0
392.0
412.0
481.0
426.0
660.0
309.0
341.0
428.0
188.0
232.0
384.0
460.0
873.0
476.0
318.0
317.0
305.0
448.0
1795.0
405.0
916.0
312.0
408.0
264.0
618.0
756.0
476.0
332.0
328.0
445.0
445.0
645.0
311.0
257.0
445.0
304.0
205.0
297.0
1375.0
1006.0
542.0
443.0
321.0
647.0
400.0
333.0
426.0
1236.0
405.0
339.0
233.0
961.0
786.0
614.0
605.0
721.0
662.0
702.0
734.0
215.0
313.0
754.0
252.0
834.0
901.0
3074.0
753.0
270.0
588.0
1121.0
283.0
283.0
377.0
827.0
235.0
417.0
718.0
754.0
586.0
437.0
490.0
270.0
1753.0
339.0
299.0
3137.0
578.0
675.0
775.0
552.0
763.0
215.0
719.0
228.0
206.0
363.0
364.0
235.0
365.0
248.0
450.0
685.0
477.0
413.0
314.0
452.0
230.0
209.0
306.0
421.0
247.0
256.0
1661.0
784.0
399.0
534.0
829.0
395.0
628.0
413.0
517.0
451.0
464.0
518.0
369.0
408.0
784.0
919.0
835.0
684.0
2236.0
182.0
1395.0
544.0
314.0
500.0
202.0
196.0
529.0
489.0
783.0
746.0
319.0
152.0
241.0
475.0
583.0
227.0
305.0
747.0
684.0
483.0
759.0
689.0
573.0
425.0
575.0
382.0
413.0
1259.0
651.0
873.0
592.0
942.0
576.0
458.0
510.0
431.0
491.0
477.0
519.0
591.0
398.0
550.0
396.0
327.0
723.0
367.0
1726.0
634.0
681.0
748.0
306.0
251.0
271.0
321.0
775.0
1875.0
408.0
286.0
266.0
426.0
428.0
242.0
325.0
508.0
250.0
370.0
188.0
500.0
294.0
265.0
787.0
395.0
519.0
216.0
552.0
187.0
773.0
300.0
2970.0
556.0
252.0
386.0
286.0
1262.0
324.0
306.0
735.0
998.0
522.0
268.0
281.0
347.0
300.0
315.0
940.0
627.0
1638.0
469.0
1499.0
1294.0
658.0
423.0
406.0
243.0
1061.0
247.0
430.0
287.0
390.0
1018.0
994.0
286.0
138.0
194.0
238.0
212.0
305.0
282.0
154.0
243.0
261.0
133.0
200.0
363.0
1875.0
536.0
227.0
193.0
1087.0
767.0
720.0
471.0
207.0
154.0
335.0
140.0
200.0
215.0
199.0
342.0
672.0
173.0
340.0
486.0
329.0
118.0
175.0
387.0
1278.0
182.0
1139.0
315.0
1426.0
439.0
178.0
1802.0
649.0
687.0
360.0
245.0
284.0
249.0
218.0
2658.0
264.0
236.0
399.0
410.0
260.0
233.0
880.0
369.0
1099.0
1758.0
646.0
1157.0
449.0
727.0
870.0
854.0
1625.0
474.0
398.0
1229.0
505.0
392.0
312.0
729.0
298.0
291.0
343.0
180.0
275.0
1006.0
574.0
148.0
298.0
929.0
376.0
820.0
321.0
402.0
271.0
262.0
398.0
418.0
618.0
474.0
266.0
551.0
342.0
