46.0
45.0
41.0
55.0
42.0
37.0
35.0
25.0
53.0
41.0
11.0
44.0
36.0
49.0
50.0
39.0
39.0
56.0
36.0
52.0
34.0
24.0
47.0
29.0
47.0
57.0
21.0
27.0
47.0
41.0
42.0
44.0
68.0
49.0
24.0
87.0
44.0
37.0
27.0
40.0
68.0
31.0
48.0
44.0
31.0
46.0
41.0
45.0
39.0
45.0
65.0
27.0
35.0
35.0
51.0
29.0
48.0
41.0
32.0
31.0
47.0
64.0
33.0
26.0
28.0
42.0
22.0
20.0
51.0
26.0
44.0
30.0
45.0
26.0
28.0
39.0
29.0
74.0
61.0
55.0
51.0
66.0
29.0
39.0
65.0
26.0
66.0
23.0
40.0
57.0
43.0
38.0
54.0
36.0
58.0
61.0
56.0
32.0
42.0
43.0
18.0
24.0
48.0
57.0
45.0
38.0
45.0
42.0
27.0
37.0
57.0
51.0
32.0
44.0
51.0
38.0
37.0
24.0
43.0
47.0
27.0
48.0
44.0
36.0
43.0
55.0
45.0
28.0
30.0
41.0
12.0
36.0
51.0
27.0
23.0
43.0
42.0
40.0
26.0
33.0
47.0
45.0
80.0
47.0
58.0
50.0
50.0
66.0
47.0
60.0
37.0
48.0
43.0
36.0
63.0
44.0
104.0
40.0
45.0
42.0
27.0
26.0
34.0
32.0
53.0
44.0
27.0
44.0
50.0
50.0
51.0
22.0
34.0
24.0
59.0
44.0
38.0
35.0
60.0
38.0
42.0
45.0
13.0
45.0
34.0
28.0
55.0
31.0
58.0
37.0
20.0
65.0
34.0
36.0
60.0
61.0
50.0
33.0
77.0
63.0
47.0
34.0
14.0
38.0
46.0
36.0
24.0
45.0
50.0
43.0
49.0
51.0
50.0
52.0
8.0
66.0
46.0
48.0
75.0
31.0
50.0
28.0
23.0
60.0
51.0
51.0
50.0
51.0
46.0
64.0
54.0
38.0
34.0
35.0
43.0
32.0
39.0
35.0
37.0
41.0
23.0
37.0
41.0
52.0
30.0
30.0
40.0
29.0
28.0
35.0
38.0
43.0
53.0
44.0
32.0
53.0
46.0
48.0
23.0
23.0
20.0
46.0
21.0
46.0
35.0
42.0
45.0
25.0
34.0
55.0
37.0
58.0
45.0
36.0
29.0
35.0
34.0
49.0
42.0
33.0
74.0
22.0
73.0
43.0
27.0
49.0
47.0
41.0
38.0
16.0
33.0
27.0
41.0
37.0
16.0
14.0
37.0
41.0
47.0
22.0
21.0
42.0
41.0
61.0
62.0
73.0
78.0
52.0
60.0
61.0
74.0
87.0
79.0
43.0
48.0
50.0
44.0
21.0
52.0
38.0
33.0
68.0
30.0
30.0
46.0
32.0
38.0
44.0
46.0
28.0
50.0
44.0
31.0
49.0
61.0
32.0
39.0
43.0
35.0
64.0
45.0
29.0
30.0
55.0
34.0
50.0
55.0
36.0
40.0
32.0
34.0
44.0
22.0
15.0
54.0
35.0
38.0
27.0
37.0
36.0
47.0
24.0
53.0
58.0
24.0
68.0
56.0
40.0
50.0
42.0
53.0
22.0
45.0
27.0
44.0
72.0
51.0
44.0
45.0
14.0
68.0
73.0
33.0
27.0
49.0
62.0
44.0
24.0
58.0
59.0
25.0
37.0
14.0
73.0
31.0
35.0
20.0
41.0
55.0
47.0
18.0
10.0
38.0
25.0
25.0
33.0
23.0
15.0
38.0
27.0
24.0
22.0
44.0
38.0
28.0
22.0
31.0
52.0
51.0
20.0
26.0
11.0
8.0
16.0
19.0
20.0
14.0
9.0
16.0
13.0
16.0
18.0
10.0
14.0
16.0
16.0
15.0
15.0
9.0
16.0
13.0
4.0
20.0
11.0
21.0
10.0
12.0
7.0
17.0
12.0
7.0
14.0
14.0
9.0
14.0
4.0
7.0
12.0
13.0
43.0
62.0
51.0
58.0
38.0
45.0
51.0
35.0
34.0
36.0
44.0
48.0
24.0
26.0
31.0
36.0
10.0
16.0
10.0
25.0
17.0
11.0
22.0
19.0
9.0
19.0
23.0
17.0
8.0
13.0
17.0
24.0
24.0
12.0
26.0
28.0
55.0
11.0
40.0
43.0
41.0
