24036.510000000002
18253.36
22334.11
16545.840000000004
22785.959999999995
19575.489999999998
18857.190000000002
24369.490000000005
25974.58
22654.250000000004
15619.820000000002
19285.309999999998
25092.220000000005
26240.21
20030.55
19273.980000000003
19564.68
24278.899999999998
19627.9
26632.750000000004
27310.91
19717.219999999998
17753.22
25809.629999999997
23530.440000000002
18858.84
22716.470000000005
24625.87
23663.579999999998
18540.879999999997
22262.340000000004
22188.100000000002
17453.43
23230.67
17774.47
18162.01
18156.2
23363.58
21147.970000000005
18094.96
20195.38
23618.5
21682.2
15142.84
19659.15
23397.47
21713.170000000002
21806.85
26826.499999999996
24045.700000000004
16780.56
21760.18
16444.14
28287.7
22268.769999999997
21301.150000000005
23355.29
15158.27
18109.15
18478.839999999997
22993.960000000006
18585.239999999998
20271.85
20602.68
17963.410000000003
18317.859999999997
25624.12
24845.47
17001.44
17645.469999999998
20490.61
17218.100000000002
23444.950000000004
18854.579999999998
21873.46
20517.06
19734.3
14956.94
27103.08
25343.420000000002
19942.079999999998
19723.64
23140.119999999995
21764.949999999997
18344.36
21551.450000000004
24045.89
21080.620000000003
19690.5
24038.530000000002
19066.12
17291.300000000003
16770.3
19499.519999999997
25537.11
20738.83
24670.579999999998
23584.57
24371.37
23397.840000000004
17720.0
21970.109999999997
18255.43
18781.54
24246.65
16416.79
22118.469999999998
17326.61
21715.24
27048.94
22529.629999999997
26830.73
15052.480000000001
22927.180000000004
22314.58
16091.050000000001
21576.289999999997
19563.710000000003
15843.61
17439.84
17588.75
21227.61
13836.01
22441.31
14857.360000000002
25272.91
20286.43
22283.75
20382.33
22856.089999999997
14580.710000000001
24178.300000000003
26068.68
21418.16
23459.350000000002
21154.340000000004
24798.280000000002
21289.42
19480.61
23451.72
13727.01
22828.44
22016.62
21349.829999999998
14332.41
20486.84
22422.05
17367.48
19880.570000000003
19406.160000000003
20214.569999999996
22230.069999999996
23205.57
16098.11
14200.370000000003
19720.800000000003
17590.89
18645.56
19354.25
20756.809999999998
23844.010000000002
20416.76
20222.700000000004
22485.62
13983.400000000001
15427.160000000003
23385.200000000004
11893.189999999999
21059.890000000003
14933.560000000001
22134.64
24542.89
18484.69
20886.6
20742.36
23327.180000000008
18420.640000000003
25436.53
24174.3
16109.119999999999
18857.010000000002
19097.4
20820.81
17484.49
22002.38
24947.220000000005
22548.69
22549.87
19989.43
23090.790000000005
16051.740000000002
22128.010000000002
18863.989999999998
21772.649999999998
24657.63
22720.19
21472.149999999998
22691.440000000002
25950.18
18578.85
17877.35
21604.699999999997
21616.760000000002
19945.010000000002
17671.65
23707.850000000006
23989.010000000002
11446.380000000001
17942.89
16691.96
19793.879999999997
25284.950000000004
17656.32
19017.810000000005
26366.29
21864.550000000003
19451.050000000003
21175.420000000002
17908.43
24621.38
21025.73
19223.2
19022.539999999997
25386.86
18167.51
18077.7
24668.94
24170.719999999998
18760.620000000003
20096.280000000006
26091.32
21064.239999999998
21961.83
18435.610000000004
16643.609999999997
23851.480000000003
30053.490000000005
16136.04
17073.14
24430.780000000002
20202.620000000003
21140.229999999996
21094.530000000002
18467.850000000002
18373.2
14451.810000000001
15406.529999999999
23791.090000000004
19582.139999999996
13902.220000000001
18174.309999999998
18044.72
14538.160000000002
11205.61
15287.73
16261.490000000002
17613.49
18049.579999999998
22948.210000000003
21233.149999999998
18443.83
22454.53
22305.02
21214.859999999997
23192.22
24385.730000000003
22430.15
8552.3
17190.36
21726.77
23211.36
23282.01
13684.0
24994.530000000002
17065.229999999996
22963.38
23980.25
21926.700000000004
26117.610000000004
21672.039999999994
21396.57
18979.04
15596.300000000003
20117.420000000002
21828.670000000002
17975.079999999998
16237.39
24624.72
22150.12
22095.520000000004
22493.73
19648.21
24339.5
18429.739999999998
21267.659999999996
19554.04
24549.300000000003
20571.33
17962.38
29002.710000000003
19668.08
27651.36
22358.29
18191.25
20387.010000000002
22470.11
14833.3
22281.54
25101.43
22391.840000000004
18349.39
20350.96
16175.42
20194.87
21833.63
24540.5
16691.77
21696.7
23780.470000000005
20316.97
22527.33
21849.370000000003
24462.490000000005
15268.68
17739.719999999998
20471.37
17023.46
16562.510000000002
12373.64
18063.170000000002
14968.14
15864.469999999998
20802.460000000003
19973.8
15179.890000000003
23585.770000000004
20347.72
24092.18
15371.560000000001
20998.140000000003
20398.940000000002
21352.350000000002
19385.09
20334.120000000003
15235.25
18951.27
23157.329999999998
22044.899999999998
20356.22
14924.03
19658.510000000002
20470.11
19499.36
17034.97
24242.29
26682.47
18385.62
14835.119999999999
22304.399999999998
16542.609999999997
16445.06
22718.7
18662.570000000003
9961.84
15903.660000000002
18334.1
16967.85
21439.020000000004
9938.64
24813.629999999994
19722.989999999998
16562.92
21137.78
17791.160000000003
23918.660000000003
16617.94
21043.97
21146.63
18316.2
25545.75
22008.840000000004
12615.14
22318.630000000005
25799.98
23181.239999999998
20067.879999999997
15888.24
21724.55
16207.32
16062.420000000004
16740.850000000002
26805.83
23231.98
19910.660000000003
16993.58
18926.43
19166.590000000004
17144.27
18762.56
20795.88
19366.36
20892.71
20966.890000000003
20072.579999999998
16839.58
24171.340000000004
17259.4
24392.260000000002
14492.59
25632.59
19089.429999999997
19403.770000000004
22464.310000000005
22168.920000000002
24524.65
21909.04
11294.010000000002
24614.96
19980.55
17151.61
16766.39
15961.589999999998
20409.38
17561.540000000005
19459.75
17768.68
25179.620000000003
17183.88
24014.910000000003
19313.48
20424.8
19455.749999999996
16175.61
17939.36
14601.52
26795.43999999999
21744.160000000003
20702.410000000003
22612.01
16055.910000000002
23222.19
17108.43
21033.03
19278.65
17679.85
21744.47
12567.680000000002
21890.800000000003
16961.47
22678.679999999997
24175.02
15649.16
14679.66
15830.630000000001
18114.43
25307.010000000002
14770.9
19404.87
17714.89
20568.920000000002
17802.21
22141.91
17755.34
14255.33
16746.059999999998
17944.04
25772.54
25573.100000000002
20385.620000000003
20507.66
18687.55
22988.680000000004
21472.119999999995
22853.56
15183.81
23885.96
23740.84
18026.199999999997
19320.239999999998
24067.779999999995
16545.93
25345.83
20469.78
16919.870000000003
15734.2
22378.829999999998
19553.110000000004
29498.5
19000.27
24727.88
17956.670000000002
13320.07
18539.010000000002
14690.94
22719.42
20780.66
15836.92
15171.500000000002
15398.400000000001
20518.67
19687.549999999996
23651.74
15330.67
19851.690000000002
20048.08
21138.559999999998
18539.85
21276.31
24011.52
21169.350000000002
15455.519999999999
20042.489999999998
23116.64
16512.02
19668.450000000004
21017.480000000003
22007.640000000003
15804.86
23538.680000000004
20010.190000000002
20312.26
17422.559999999998
22829.340000000004
21783.510000000002
18425.480000000003
22054.29
14371.310000000001
14206.009999999998
24943.110000000004
15378.770000000002
21194.51
23800.369999999995
20098.420000000002
19890.49
25762.54
21431.06
16736.52
16172.099999999999
22442.45
15855.130000000001
13816.16
11126.359999999999
14873.079999999998
20405.54
19754.649999999994
11384.259999999998
19303.190000000002
22395.67
19243.08
25507.800000000003
24539.41
22909.12
20336.670000000002
21955.0
21364.44
19130.379999999997
22026.89
13625.59
21672.11
18278.16
17819.05
19773.19
25057.100000000006
23040.97
10518.25
19339.33
18498.96
16966.600000000002
19719.96
16104.160000000002
19571.38
17504.239999999998
21095.36
25047.390000000003
20994.600000000002
18559.03
21233.54
25330.120000000003
18512.730000000003
22534.37
27950.870000000003
22045.160000000003
20452.95
15331.350000000002
21721.0
24104.44
21995.350000000002
27477.920000000002
25324.6
17657.93
15687.880000000001
18714.9
23548.4
20612.500000000004
18875.320000000003
13484.830000000002
17981.190000000002
21638.2
16373.68
17076.79
11448.8
24177.79
23287.8
14046.590000000002
17681.229999999996
19768.519999999997
18243.809999999998
15176.75
22916.04
20402.929999999997
14765.039999999999
11593.400000000001
16330.5
22833.0
17446.66
16704.5
13223.010000000002
20641.280000000002
13332.75
15303.900000000001
23124.420000000002
22162.290000000005
14951.369999999999
17473.670000000002
25259.600000000006
21858.410000000003
20922.350000000002
17624.49
19504.78
18753.48
23095.11
17743.130000000005
22185.94
19749.42
13816.920000000002
22369.4
15994.640000000001
23105.079999999998
11754.97
24001.77
18241.710000000003
19333.7
21718.36
20663.260000000002
16425.199999999997
23380.49
16774.809999999998
25544.38
20159.04
14953.600000000002
15523.400000000001
24578.72
23804.070000000003
19553.200000000004
24031.42
22627.64
17996.620000000003
22649.93
18747.98
16982.64
10700.619999999999
22134.79
25580.75
19473.920000000002
14920.6
17901.39
21146.489999999998
15879.490000000002
17879.6
21304.930000000004
15153.23
17203.76
21147.25
15379.68
17152.170000000002
13712.99
17453.019999999997
13880.7
19028.87
24014.23
20186.28
24467.11
23424.43
14955.190000000002
14347.7
21054.770000000004
19138.260000000002
26038.510000000006
17213.240000000005
12483.669999999996
20232.030000000002
23185.58
24698.15
17288.75
20286.2
21640.690000000002
19930.11
19310.58
23425.989999999998
17041.699999999997
23879.0
22334.26
22643.540000000005
22202.859999999997
19973.52
16679.52
21845.72
21232.670000000002
23807.260000000002
17998.33
21761.919999999995
14119.84
13511.32
17081.86
16867.33
17553.41
16430.329999999998
23032.479999999996
21039.760000000002
15991.880000000003
19261.780000000002
25951.179999999997
22438.18
10814.809999999998
18721.93
24527.74
20991.180000000004
22282.06
24091.5
22525.16
23346.65
17922.22
22724.12
12937.3
25179.12
19995.300000000003
18839.179999999997
16357.960000000001
22248.16
19342.4
17206.609999999997
22338.53
20223.96
19445.129999999997
22803.839999999997
19821.31
19989.910000000003
19870.01
21737.180000000004
13482.410000000002
10249.990000000002
15948.46
21655.73
19315.0
24063.909999999996
19370.94
20382.120000000003
24230.989999999998
13908.700000000003
19383.77
14634.91
15465.179999999998
17190.04
20237.29
25082.81
12710.640000000001
13792.88
22114.94
21843.86
17362.770000000004
17124.300000000003
19555.24
20386.41
17336.2
18178.899999999998
12945.16
19221.090000000004
17156.43
13055.61
22517.510000000002
13184.22
17191.64
16659.350000000002
18560.960000000003
21360.08
16462.11
22353.2
19350.43
20229.51
19019.68
15530.900000000001
14357.89
16026.509999999998
19089.0
19832.08
11069.740000000002
21395.22
20958.47
18351.54
16645.48
18331.05
20043.14
19148.39
20550.100000000002
15487.329999999998
14667.560000000001
21465.73
26501.350000000002
20057.86
23106.170000000006
17447.800000000003
13636.53
20308.54
18008.370000000003
15183.330000000002
20598.8
15243.93
10225.54
19636.060000000005
15051.779999999999
11647.579999999998
21694.559999999998
19541.370000000003
24893.630000000005
9925.96
13124.690000000002
15625.620000000003
15732.880000000001
19790.64
20439.76
18450.300000000003
20332.250000000004
23893.11
14530.070000000002
21207.07
23190.989999999998
13286.339999999998
19280.910000000003
15932.809999999998
15475.170000000002
18790.87
12539.429999999998
19074.780000000002
26033.28
21793.660000000003
23209.68
21456.76
15473.76
15011.54
15062.460000000001
25740.58
19358.46
25907.3
19964.54
21135.53
20211.989999999998
15039.32
18168.66
24394.569999999996
15761.91
14211.869999999999
13719.91
18638.08
12765.849999999999
12363.650000000001
18700.07
12015.970000000001
19796.569999999996
21010.760000000002
21900.16
15224.79
23037.719999999998
16464.03
12055.38
10672.340000000002
19032.54
17256.28
22878.6
20777.2
21647.08
12235.33
14198.54
21349.0
20848.710000000003
16868.84
21624.260000000002
18003.06
24621.800000000003
20029.559999999998
22747.149999999998
12965.760000000002
21512.469999999998
19836.09
19751.709999999995
18358.58
12083.68
21030.000000000004
14163.68
23844.15
23233.41
18660.53
21233.56
22656.489999999994
14349.36
20533.010000000002
10568.5
18032.74
18113.98
11580.400000000001
21769.1
15508.900000000001
11894.68
22613.010000000002
22018.449999999997
24950.890000000003
20251.620000000003
21194.53
16810.120000000003
14990.690000000002
19927.64
19289.559999999998
18297.460000000003
23776.04
19649.28
20070.45
16847.71
19586.690000000002
23066.350000000002
15133.83
19527.000000000004
14755.880000000001
14949.09
17706.67
17192.78
20817.47
21905.020000000004
12521.080000000002
17817.309999999998
17579.04
9278.5
13574.300000000001
19300.57
11501.55
20617.920000000002
16933.979999999996
12580.18
19938.0
16016.28
22683.000000000004
18690.940000000002
21117.35
17901.749999999996
16956.36
16288.559999999998
15310.82
24460.680000000004
22357.86
16859.35
21611.950000000004
21186.450000000004
13331.760000000002
13199.84
24680.379999999997
23477.420000000002
15477.199999999999
15102.67
19555.420000000002
21821.75
18040.27
14217.119999999999
19651.13
18266.32
17862.85
17833.820000000003
20096.359999999997
17204.35
19101.55
22450.56
18646.640000000003
18575.89
16284.12
14057.81
17855.31
14478.490000000002
21341.270000000004
16831.160000000003
24789.46
21401.56
21309.59
20580.86
21896.910000000003
15772.560000000001
25849.57
12191.02
15484.37
15287.09
23817.030000000002
12734.269999999999
14845.130000000001
19238.65
24576.690000000002
18747.04
22128.22
16315.03
18988.52
10876.259999999998
23506.2
20466.99
18630.54
21483.120000000003
9879.36
18346.11
22194.15
20631.260000000002
20504.65
12736.970000000001
21412.739999999998
19775.160000000003
19563.290000000005
10178.190000000002
19574.31
17414.15
9606.36
21335.290000000005
18501.65
20816.250000000004
12662.86
17665.480000000003
10603.88
20888.129999999997
18200.17
19489.730000000003
24417.9
25270.88
25300.899999999998
18187.64
23518.340000000004
13647.710000000001
20461.559999999998
17223.72
15764.3
25163.87
21952.39
17253.36
17094.22
16249.04
17087.68
22638.51
18103.32
18451.960000000003
13634.21
17091.52
16047.009999999998
18883.38
23627.41
23478.78
21412.800000000003
21341.23
17835.989999999998
17714.350000000002
10902.390000000001
17638.91
18652.45
22799.390000000003
22384.43
18696.219999999998
22265.710000000003
17736.05
20763.86
18723.88
13598.560000000001
14425.24
22011.35
10515.25
22438.33
12352.32
15039.37
21682.66
17236.170000000002
17725.739999999998
11223.68
13545.760000000002
20060.4
22791.81
18449.23
23324.28
16076.810000000001
15496.46
22039.75
16284.9
11428.66
16786.53
16828.079999999998
18984.07
21494.42
18741.29
22429.020000000004
17376.72
11955.39
15616.980000000001
21156.920000000002
18959.06
13290.25
20612.960000000003
18347.48
14848.93
17938.899999999998
14885.04
16393.97
21788.829999999998
16673.88
19521.649999999998
22931.989999999998
15511.43
15880.32
13066.490000000002
21455.050000000003
24725.489999999998
21537.699999999997
13289.41
22128.989999999998
17665.7
21220.22
22292.530000000002
24001.04
21270.27
25588.839999999997
14187.009999999998
10168.899999999998
18313.079999999998
23591.6
23683.839999999997
19236.96
21185.8
11699.31
18090.01
13443.35
16475.72
15015.320000000002
22290.379999999997
12400.01
13504.86
14527.609999999999
11793.420000000002
25277.050000000003
17218.92
16005.910000000002
11199.03
15899.72
17463.670000000002
15287.94
18143.54
17472.61
16922.33
17056.4
16781.510000000002
21050.41
16874.31
15447.880000000001
13863.640000000001
19125.940000000002
23925.17
19073.260000000002
21737.880000000005
23002.059999999998
17836.43
18330.350000000002
23523.78
16944.21
17386.54
8506.78
22055.760000000002
20005.83
10831.62
22469.47
14103.380000000001
15400.819999999998
17977.920000000002
22938.11
19042.140000000003
14075.509999999998
20668.429999999997
17242.56
22509.92
19160.64
23161.48
14223.560000000003
12505.71
14462.029999999999
14159.420000000002
17363.989999999998
15249.979999999998
14827.630000000001
14303.52
18988.89
17909.58
23148.28
11761.140000000001
22332.549999999996
17988.989999999998
21133.14
15396.720000000001
17183.16
13311.400000000001
9270.84
22518.0
19618.920000000002
16344.890000000003
19942.489999999998
22706.32
16342.720000000003
23052.789999999997
16420.16
16245.27
16917.86
15607.72
23053.12
20815.53
23366.920000000002
15173.9
19748.300000000003
10678.28
18939.33
19557.45
10480.68
14433.240000000002
12958.600000000002
16181.68
20349.57
23579.54
14593.95
19637.67
13069.76
27824.71
17497.870000000003
18267.9
19231.510000000002
14286.369999999999
16177.189999999999
22924.9
20470.32
13022.560000000001
21521.489999999998
11740.830000000002
21156.84
16634.9
19120.27
10497.210000000003
19229.96
22180.43
19189.12
19566.64
13292.980000000001
16202.380000000001
14007.73
11850.66
18563.18
22090.63
20729.29
11661.7
14027.499999999998
19386.56
20374.02
26251.800000000003
14991.769999999999
17189.78
10746.4
10701.599999999999
22002.619999999995
11291.560000000001
17795.09
16588.02
17457.41
14422.630000000001
12813.52
8092.360000000001
16900.359999999997
13457.88
14755.01
21284.83
15551.28
12801.6
24447.710000000003
21981.760000000002
15303.93
19593.31
13320.19
14268.68
14222.920000000002
16429.75
22299.32
15511.230000000001
17636.84
21066.63
22521.440000000002
20687.32
19712.03
16585.07
19152.9
26335.570000000003
24582.620000000003
17497.160000000003
14645.210000000001
19589.14
21232.48
21911.5
20553.47
17780.23
12949.11
18214.2
15660.46
20380.11
14338.460000000001
16815.7
20419.270000000004
26129.620000000003
16918.949999999997
16273.979999999998
14665.47
19799.96
13640.289999999997
20964.52
18718.64
24796.740000000005
20040.95
19123.739999999998
14385.93
10876.44
21218.35
10149.85
21891.430000000004
21658.899999999998
20795.000000000004
16596.45
13884.68
16012.060000000001
23183.09
17875.989999999998
19576.34
19642.21
13130.48
23565.260000000002
8736.51
18717.510000000002
13075.840000000002
19624.710000000003
21403.18
11338.84
17762.22
26461.340000000004
12568.67
12847.01
10442.130000000001
22400.940000000002
20223.61
19762.04
17927.22
14854.900000000001
17715.239999999998
15313.760000000002
13458.14
24575.23
12154.220000000001
14045.500000000002
14055.36
15322.87
21501.74
14311.400000000001
23857.920000000002
20170.470000000005
23621.559999999998
20391.009999999995
15565.580000000002
22068.9
21398.91
20267.600000000002
21954.43
9053.630000000001
8688.14
22045.359999999997
20885.2
18106.9
18879.920000000002
20255.1
21416.96
19150.3
17323.43
25634.190000000002
21568.92
16358.680000000002
21501.120000000003
24282.6
16628.3
22005.93
18803.96
19964.18
17238.850000000002
19374.550000000003
14102.08
15505.749999999998
21098.64
22125.47
14147.05
15534.04
11586.260000000002
15569.660000000003
13699.630000000001
14270.780000000002
19586.22
17469.520000000004
17277.3
18336.32
9655.400000000001
14631.630000000003
19409.989999999998
15273.220000000001
24126.940000000002
15884.600000000002
19522.46
18412.61
26668.85
14362.280000000002
20024.11
16738.66
21583.1
10713.54
9451.2
17771.08
15610.440000000002
13612.420000000002
18136.58
12675.130000000001
8706.69
16249.12
14986.300000000001
23825.43
8101.449999999999
7228.540000000001
11552.26
20005.32
13666.05
13850.27
17280.65
14827.04
14717.04
17901.2
17804.010000000002
15075.900000000001
25027.8
18673.2
16800.46
22647.64
14136.34
18003.75
20611.0
22270.72
17768.1
27850.850000000002
23355.890000000003
13166.509999999998
16920.32
15333.2
20863.92
21632.5
17739.04
14765.560000000001
18635.22
20120.54
12569.060000000001
16816.0
15685.8
14176.180000000002
11868.690000000002
16120.170000000002
11489.38
17843.380000000005
23635.270000000004
19851.28
10635.8
11712.810000000001
16551.5
15242.48
17429.88
21009.7
14697.380000000001
23199.43
20130.96
13721.74
15393.84
15909.400000000001
9264.420000000002
14350.810000000001
18072.2
15896.310000000001
16199.34
21454.420000000002
22338.100000000006
20212.879999999997
19101.04
19550.87
15267.34
16924.230000000003
13119.550000000001
12911.220000000001
14087.220000000001
18708.29
22595.72
22631.13
16874.78
15128.07
18713.52
10726.62
17610.64
21300.079999999998
24538.61
16174.050000000001
14684.480000000001
19802.0
23844.37
18995.56
13086.919999999998
16984.45
25938.670000000002
20369.06
9360.29
22249.61
20480.440000000002
25428.910000000003
16891.98
6879.920000000001
17252.08
18744.36
19391.500000000004
10899.61
17887.74
10356.8
13611.840000000002
18102.23
14798.41
21225.94
12039.009999999998
14042.18
14177.300000000001
19456.05
18829.33
13572.880000000001
18827.120000000003
26704.72
15078.57
17404.920000000002
16757.0
13342.64
12442.2
15432.320000000002
17152.77
18980.52
19521.129999999997
20722.440000000002
25012.2
13169.080000000002
19538.21
16317.460000000001
20299.3
20189.64
13754.720000000001
11828.34
13125.7
18673.4
20464.649999999998
11632.130000000001
24959.989999999998
23244.1
23214.28
14736.600000000002
19121.51
18908.95
15910.52
20117.33
21505.920000000002
16258.530000000002
11595.68
19707.71
17532.670000000002
24249.75
15042.920000000002
21488.309999999998
15890.29
15981.29
20442.340000000004
16764.239999999998
27265.019999999997
13882.15
17674.88
16814.820000000003
20425.079999999998
10482.880000000001
16789.620000000003
14856.490000000002
21621.52
28088.480000000003
26613.34
13715.53
27247.04
18198.440000000002
16348.45
17451.98
15291.609999999997
21445.58
24079.56
18038.88
20844.89
17212.86
7537.900000000001
16080.09
18846.78
14996.29
12876.25
15935.74
16579.34
17924.64
16939.97
13261.0
15175.84
14209.68
20635.59
12581.52
14555.440000000002
16337.600000000002
19859.879999999997
12944.29
21505.479999999996
20524.53
10960.82
14905.7
22441.309999999998
20474.32
9436.560000000001
14950.02
15930.12
12770.119999999999
11244.66
19448.86
20123.559999999998
20639.48
21728.76
16212.660000000002
26014.000000000004
13404.48
22852.14
17077.800000000003
19070.89
16102.29
10734.900000000001
13422.52
14030.699999999999
23287.0
13393.779999999999
14273.68
19972.209999999995
16377.160000000002
13654.64
17317.000000000004
23859.64
21415.74
16102.170000000002
24173.760000000002
20001.42
18807.74
18056.45
11055.26
19226.68
9869.630000000001
14354.960000000001
18608.73
17753.14
19792.160000000003
19658.47
15816.09
22015.04
14308.62
20410.32
17093.18
18782.12
23495.010000000002
22896.08
15395.69
15802.3
15758.920000000002
19399.53
20706.88
17498.94
20592.840000000004
18886.77
16791.32
23897.68
18430.95
19683.4
22558.230000000003
13970.94
17710.550000000003
7662.38
25200.340000000004
19223.26
25102.07
10720.349999999999
14408.240000000002
19500.420000000002
11406.440000000002
21667.83
13313.779999999999
13409.900000000001
14703.54
10786.91
19562.04
10746.36
13399.24
23052.29
16888.2
15828.59
13721.94
14400.2
19251.36
17098.28
20568.600000000002
16989.29
13378.84
17359.99
19808.440000000002
23538.539999999997
13610.68
17259.25
21506.399999999998
16944.059999999998
25301.78
16782.94
21991.71
17093.28
19559.89
22624.03
10947.81
9895.470000000001
14272.779999999999
15185.52
23286.28
17891.25
20312.960000000003
16800.29
21501.020000000004
21334.3
13944.440000000002
18887.920000000002
14782.94
12589.620000000003
18490.0
11437.7
17320.72
23271.95
25552.54
19256.12
23147.68
18997.59
16951.120000000003
13451.18
18459.440000000002
12505.29
11522.28
20466.160000000003
17946.64
13806.32
16218.04
13457.28
12638.2
22406.36
17234.0
16964.48
17826.6
22761.1
18831.68
12703.14
23293.480000000003
14695.52
24873.26
15396.43
12433.020000000002
14125.860000000002
13940.359999999997
23281.31
17011.22
12673.23
13049.080000000002
21532.620000000003
17744.130000000005
9004.53
20619.74
18035.08
23615.22
18657.48
25396.420000000002
14284.880000000001
17956.56
15952.560000000001
13130.73
21474.559999999998
18897.04
19552.120000000003
18077.800000000003
15157.890000000001
19354.910000000003
14097.789999999999
18058.63
10711.86
16091.54
24953.68
16157.7
10386.46
18948.09
13146.650000000001
19800.4
18999.68
18001.29
15116.619999999999
16959.120000000003
19730.33
18039.55
14277.380000000001
15743.420000000002
17991.120000000003
19169.72
21484.32
19769.120000000003
18845.120000000003
9681.01
19731.96
13819.250000000002
24192.0
20742.840000000004
18710.91
17893.48
15231.170000000002
15201.16
17176.309999999998
16218.720000000001
19760.56
13397.14
17228.579999999998
17991.2
20589.940000000002
14323.04
12530.02
11135.78
22017.64
17993.95
9773.18
17816.780000000002
19821.95
21586.620000000003
21597.239999999998
10084.36
14437.04
18069.33
21499.309999999998
12567.64
25324.3
16982.030000000002
17714.71
16129.710000000001
16060.04
17975.84
22418.100000000002
13372.5
11047.0
10202.29
21551.4
17323.07
13424.84
20137.020000000004
19675.160000000003
17881.24
16915.370000000003
16041.740000000002
14288.240000000002
17963.68
22281.480000000003
16873.48
22349.24
18163.120000000003
18718.280000000002
17955.5
14321.640000000001
18756.78
22473.54
13358.01
18766.68
10735.380000000001
15996.11
19772.32
16103.240000000002
20513.44
19795.0
12483.84
22341.68
20645.84
20476.39
21398.78
21484.440000000002
15227.28
9199.7
21153.79
13409.11
15179.650000000001
17120.08
12831.2
19621.82
22412.600000000002
25090.65
14317.760000000002
15285.460000000001
24169.440000000002
17829.24
18546.0
17890.700000000004
18839.28
16586.600000000002
20729.84
23309.06
18032.440000000002
17755.760000000002
15157.78
13477.37
17817.88
25432.81
12324.05
21523.72
13416.25
17110.52
22511.93
16062.8
23233.21
16992.2
14385.140000000001
17816.920000000002
20653.340000000004
22360.760000000002
11054.56
16295.160000000002
10750.740000000002
16039.530000000002
18753.980000000003
23183.620000000003
19508.379999999997
13355.310000000001
19261.71
17773.9
16863.120000000003
14303.52
19669.800000000003
24148.2
18001.75
16055.14
17081.230000000003
12588.970000000001
19579.64
18021.940000000002
10719.060000000001
12567.939999999999
18048.28
16963.13
16034.96
22364.08
13204.240000000002
9860.18
17337.72
17927.8
25027.52
13493.940000000002
11597.52
13487.850000000002
17872.27
18545.43
16139.07
15297.460000000001
17874.2
17921.04
18842.4
17973.920000000002
20661.64
21493.620000000003
17793.100000000002
14260.279999999999
23219.04
15124.96
16163.68
20576.660000000003
18778.440000000002
17173.550000000003
23126.92
17103.260000000002
16930.0
17849.780000000002
19646.6
