366.0
325.0
337.0
274.0
386.0
372.0
689.0
593.0
485.0
288.0
412.0
276.0
327.0
507.0
1317.0
1329.0
357.0
665.0
230.0
1744.0
715.0
541.0
1707.0
962.0
442.0
1340.0
462.0
515.0
277.0
428.0
461.0
1499.0
1090.0
377.0
409.0
739.0
534.0
232.0
314.0
267.0
310.0
548.0
687.0
433.0
601.0
744.0
1821.0
416.0
518.0
837.0
303.0
1495.0
1720.0
283.0
254.0
375.0
283.0
239.0
314.0
642.0
428.0
342.0
661.0
392.0
336.0
314.0
474.0
781.0
443.0
1378.0
909.0
546.0
651.0
421.0
673.0
810.0
569.0
294.0
2857.0
721.0
605.0
439.0
395.0
336.0
645.0
1746.0
291.0
314.0
890.0
444.0
643.0
452.0
231.0
630.0
404.0
369.0
1135.0
1018.0
427.0
645.0
398.0
358.0
585.0
254.0
877.0
332.0
634.0
662.0
341.0
453.0
787.0
483.0
624.0
435.0
330.0
429.0
260.0
314.0
248.0
479.0
408.0
958.0
308.0
549.0
391.0
695.0
666.0
387.0
1257.0
1067.0
375.0
439.0
443.0
372.0
322.0
460.0
254.0
1262.0
226.0
612.0
287.0
767.0
562.0
343.0
661.0
249.0
281.0
294.0
376.0
291.0
727.0
322.0
596.0
947.0
258.0
857.0
722.0
560.0
498.0
317.0
243.0
473.0
2103.0
866.0
1212.0
403.0
403.0
227.0
2270.0
398.0
281.0
525.0
352.0
305.0
289.0
492.0
444.0
186.0
930.0
576.0
773.0
424.0
677.0
1424.0
332.0
764.0
243.0
420.0
436.0
790.0
201.0
1131.0
264.0
456.0
727.0
418.0
959.0
321.0
369.0
425.0
202.0
531.0
379.0
1130.0
331.0
363.0
685.0
496.0
572.0
434.0
276.0
354.0
332.0
1094.0
1330.0
412.0
502.0
380.0
791.0
509.0
409.0
1032.0
277.0
323.0
231.0
550.0
336.0
458.0
372.0
426.0
516.0
218.0
477.0
568.0
328.0
636.0
420.0
701.0
745.0
321.0
453.0
225.0
250.0
265.0
590.0
280.0
404.0
1059.0
486.0
236.0
282.0
517.0
492.0
470.0
732.0
293.0
422.0
221.0
319.0
672.0
573.0
284.0
362.0
1851.0
474.0
319.0
221.0
165.0
449.0
222.0
395.0
232.0
672.0
491.0
716.0
514.0
321.0
589.0
1874.0
1211.0
627.0
517.0
312.0
377.0
471.0
686.0
219.0
286.0
220.0
379.0
355.0
262.0
923.0
604.0
678.0
194.0
673.0
404.0
305.0
1602.0
367.0
588.0
481.0
4379.0
334.0
282.0
785.0
426.0
250.0
1091.0
855.0
569.0
812.0
627.0
535.0
1710.0
594.0
355.0
1397.0
497.0
833.0
262.0
222.0
328.0
590.0
860.0
276.0
966.0
600.0
874.0
360.0
669.0
566.0
290.0
308.0
517.0
785.0
702.0
1782.0
606.0
764.0
428.0
321.0
1074.0
294.0
2235.0
720.0
738.0
188.0
441.0
404.0
535.0
618.0
327.0
1647.0
336.0
294.0
190.0
1056.0
240.0
633.0
403.0
674.0
470.0
479.0
322.0
302.0
1242.0
289.0
545.0
231.0
248.0
315.0
972.0
374.0
522.0
260.0
231.0
466.0
484.0
312.0
285.0
277.0
304.0
1613.0
297.0
897.0
352.0
456.0
528.0
319.0
581.0
568.0
944.0
480.0
373.0
882.0
325.0
888.0
445.0
189.0
459.0
402.0
482.0
382.0
276.0
967.0
476.0
181.0
412.0
507.0
245.0
619.0
410.0
191.0
408.0
857.0
315.0
277.0
254.0
458.0
313.0
1003.0
419.0
2122.0
470.0
351.0
1000.0
439.0
361.0
276.0
1765.0
661.0
390.0
391.0
307.0
329.0
398.0
646.0
555.0
713.0
361.0
727.0
480.0
263.0
663.0
116.0
755.0
200.0
881.0
303.0
511.0
603.0
286.0
314.0
300.0
2200.0
320.0
305.0
586.0
1087.0
586.0
690.0
221.0
1060.0
298.0
473.0
471.0
761.0
194.0
520.0
279.0
1461.0
326.0
402.0
425.0
316.0
204.0
3225.0
315.0
494.0
676.0
409.0
328.0
323.0
327.0
1310.0
525.0
189.0
521.0
596.0
894.0
404.0
269.0
336.0
223.0
221.0
301.0
292.0
670.0
284.0
268.0
291.0
718.0
1053.0
490.0
779.0
232.0
385.0
231.0
221.0
175.0
192.0
533.0
374.0
608.0
288.0
213.0
383.0
294.0
497.0
311.0
324.0
320.0
569.0
1058.0
424.0
233.0
799.0
638.0
530.0
829.0
297.0
602.0
590.0
226.0
218.0
190.0
482.0
934.0
332.0
1172.0
341.0
183.0
390.0
127.0
244.0
600.0
690.0
320.0
300.0
552.0
849.0
466.0
286.0
390.0
529.0
382.0
1476.0
832.0
441.0
689.0
322.0
1092.0
194.0
283.0
1554.0
184.0
401.0
267.0
226.0
291.0
324.0
283.0
331.0
920.0
249.0
420.0
676.0
545.0
371.0
523.0
626.0
862.0
1281.0
268.0
375.0
376.0
600.0
521.0
344.0
550.0
532.0
264.0
353.0
279.0
327.0
531.0
216.0
732.0
367.0
378.0
174.0
645.0
417.0
802.0
774.0
434.0
219.0
1528.0
867.0
613.0
277.0
804.0
320.0
523.0
989.0
202.0
236.0
383.0
249.0
1007.0
459.0
526.0
900.0
419.0
799.0
405.0
675.0
275.0
286.0
1186.0
282.0
1394.0
573.0
293.0
228.0
526.0
421.0
633.0
225.0
627.0
438.0
222.0
462.0
255.0
484.0
1745.0
1523.0
709.0
209.0
482.0
303.0
253.0
2283.0
1107.0
674.0
2364.0
281.0
236.0
613.0
1390.0
1745.0
843.0
361.0
405.0
1547.0
263.0
605.0
397.0
141.0
1068.0
1116.0
391.0
228.0
384.0
326.0
658.0
305.0
331.0
590.0
339.0
318.0
442.0
643.0
349.0
680.0
1113.0
517.0
229.0
280.0
673.0
2031.0
339.0
864.0
396.0
377.0
968.0
422.0
2084.0
238.0
344.0
449.0
324.0
210.0
214.0
2093.0
248.0
318.0
306.0
444.0
297.0
413.0
536.0
233.0
444.0
335.0
1304.0
649.0
680.0
297.0
634.0
520.0
173.0
335.0
425.0
903.0
353.0
234.0
384.0
535.0
747.0
283.0
343.0
242.0
693.0
209.0
224.0
706.0
435.0
421.0
1236.0
1431.0
506.0
352.0
314.0
1059.0
350.0
2090.0
379.0
128.0
325.0
279.0
459.0
238.0
533.0
217.0
474.0
136.0
228.0
287.0
366.0
262.0
225.0
664.0
490.0
292.0
676.0
969.0
1015.0
536.0
339.0
291.0
640.0
803.0
541.0
448.0
450.0
207.0
508.0
571.0
593.0
356.0
318.0
245.0
251.0
2048.0
251.0
1253.0
492.0
121.0
424.0
525.0
350.0
625.0
282.0
1443.0
1932.0
530.0
533.0
280.0
1342.0
236.0
592.0
923.0
649.0
291.0
443.0
329.0
239.0
385.0
215.0
406.0
259.0
279.0
268.0
218.0
646.0
429.0
443.0
634.0
661.0
258.0
557.0
729.0
167.0
576.0
952.0
286.0
911.0
283.0
821.0
353.0
276.0
266.0
2232.0
452.0
561.0
911.0
779.0
932.0
262.0
392.0
272.0
671.0
303.0
1064.0
591.0
277.0
131.0
1892.0
703.0
325.0
643.0
577.0
1148.0
254.0
393.0
811.0
202.0
280.0
322.0
365.0
171.0
401.0
668.0
232.0
197.0
197.0
615.0
207.0
362.0
675.0
199.0
627.0
254.0
180.0
235.0
259.0
438.0
605.0
264.0
576.0
350.0
179.0
321.0
534.0
226.0
603.0
252.0
1304.0
348.0
899.0
287.0
826.0
273.0
500.0
351.0
717.0
522.0
443.0
387.0
331.0
266.0
305.0
237.0
1223.0
226.0
693.0
402.0
397.0
246.0
384.0
287.0
444.0
494.0
830.0
142.0
609.0
324.0
1477.0
636.0
263.0
518.0
682.0
312.0
516.0
1053.0
719.0
323.0
218.0
622.0
254.0
198.0
229.0
216.0
590.0
387.0
262.0
450.0
157.0
338.0
369.0
153.0
170.0
258.0
199.0
213.0
630.0
298.0
1444.0
727.0
263.0
443.0
530.0
718.0
276.0
346.0
398.0
400.0
525.0
374.0
796.0
256.0
267.0
220.0
264.0
627.0
1011.0
596.0
197.0
517.0
311.0
697.0
674.0
871.0
357.0
366.0
554.0
320.0
742.0
590.0
515.0
349.0
465.0
383.0
649.0
550.0
234.0
2457.0
282.0
582.0
171.0
401.0
326.0
658.0
726.0
1632.0
483.0
848.0
754.0
404.0
3081.0
332.0
497.0
341.0
345.0
682.0
473.0
348.0
342.0
416.0
341.0
303.0
320.0
318.0
589.0
516.0
538.0
190.0
544.0
1055.0
133.0
953.0
222.0
300.0
162.0
337.0
135.0
371.0
886.0
1496.0
266.0
560.0
322.0
208.0
392.0
269.0
1771.0
445.0
298.0
216.0
408.0
171.0
1730.0
205.0
727.0
1163.0
879.0
202.0
345.0
370.0
157.0
239.0
477.0
393.0
330.0
999.0
264.0
329.0
792.0
266.0
541.0
241.0
588.0
485.0
185.0
494.0
1073.0
231.0
566.0
343.0
463.0
979.0
890.0
211.0
418.0
661.0
163.0
1107.0
264.0
575.0
459.0
266.0
361.0
539.0
169.0
194.0
281.0
198.0
680.0
257.0
327.0
202.0
318.0
184.0
994.0
169.0
309.0
2600.0
200.0
406.0
228.0
210.0
386.0
454.0
258.0
313.0
221.0
554.0
1271.0
689.0
305.0
127.0
244.0
194.0
460.0
538.0
202.0
616.0
434.0
509.0
340.0
552.0
694.0
211.0
283.0
516.0
275.0
838.0
414.0
725.0
293.0
284.0
582.0
499.0
163.0
358.0
604.0
591.0
982.0
251.0
180.0
455.0
217.0
208.0
741.0
137.0
500.0
514.0
147.0
495.0
2298.0
360.0
333.0
1873.0
231.0
210.0
211.0
290.0
423.0
223.0
192.0
632.0
473.0
232.0
284.0
347.0
656.0
377.0
171.0
213.0
565.0
357.0
252.0
440.0
915.0
231.0
239.0
369.0
189.0
279.0
162.0
348.0
506.0
491.0
188.0
286.0
194.0
765.0
732.0
414.0
366.0
617.0
814.0
167.0
1541.0
478.0
271.0
582.0
476.0
190.0
337.0
394.0
190.0
176.0
377.0
909.0
238.0
298.0
353.0
2117.0
243.0
480.0
521.0
174.0
250.0
730.0
593.0
369.0
182.0
684.0
217.0
935.0
1460.0
390.0
122.0
368.0
154.0
523.0
220.0
183.0
419.0
342.0
278.0
267.0
267.0
707.0
187.0
313.0
2532.0
191.0
611.0
340.0
366.0
441.0
726.0
230.0
223.0
481.0
507.0
559.0
262.0
597.0
334.0
186.0
275.0
319.0
403.0
329.0
652.0
207.0
161.0
299.0
432.0
833.0
209.0
414.0
636.0
2489.0
569.0
408.0
192.0
201.0
144.0
221.0
239.0
234.0
176.0
337.0
894.0
177.0
318.0
283.0
205.0
158.0
492.0
649.0
516.0
534.0
636.0
221.0
171.0
406.0
380.0
171.0
641.0
209.0
727.0
416.0
506.0
255.0
340.0
1152.0
743.0
330.0
501.0
140.0
274.0
630.0
282.0
676.0
662.0
186.0
789.0
356.0
174.0
702.0
253.0
253.0
391.0
365.0
404.0
229.0
207.0
393.0
130.0
216.0
860.0
157.0
458.0
233.0
260.0
456.0
535.0
146.0
1341.0
255.0
1643.0
259.0
242.0
1052.0
121.0
258.0
210.0
321.0
277.0
788.0
549.0
1017.0
878.0
128.0
132.0
375.0
270.0
621.0
225.0
825.0
954.0
261.0
2120.0
206.0
442.0
668.0
2477.0
748.0
341.0
285.0
281.0
683.0
478.0
279.0
269.0
268.0
242.0
499.0
686.0
223.0
593.0
903.0
123.0
736.0
340.0
159.0
343.0
180.0
224.0
560.0
492.0
185.0
264.0
280.0
358.0
570.0
273.0
359.0
842.0
228.0
335.0
348.0
190.0
459.0
366.0
316.0
484.0
288.0
187.0
337.0
334.0
201.0
302.0
260.0
193.0
242.0
293.0
319.0
649.0
438.0
354.0
328.0
247.0
201.0
316.0
238.0
239.0
229.0
212.0
190.0
498.0
310.0
390.0
219.0
127.0
442.0
325.0
2565.0
128.0
251.0
1170.0
976.0
473.0
533.0
2213.0
804.0
115.0
1197.0
161.0
148.0
624.0
146.0
159.0
624.0
148.0
203.0
457.0
179.0
513.0
874.0
436.0
159.0
283.0
243.0
377.0
698.0
237.0
271.0
378.0
160.0
992.0
369.0
379.0
272.0
301.0
206.0
401.0
215.0
826.0
168.0
242.0
212.0
347.0
984.0
682.0
485.0
282.0
452.0
1221.0
194.0
153.0
390.0
566.0
139.0
133.0
381.0
801.0
260.0
300.0
520.0
207.0
516.0
2249.0
368.0
548.0
438.0
226.0
191.0
401.0
265.0
560.0
139.0
200.0
161.0
184.0
331.0
2026.0
424.0
423.0
290.0
190.0
319.0
178.0
244.0
477.0
334.0
888.0
171.0
1036.0
342.0
328.0
130.0
311.0
384.0
131.0
300.0
338.0
162.0
118.0
819.0
217.0
288.0
146.0
284.0
217.0
145.0
162.0
586.0
212.0
596.0
149.0
381.0
330.0
603.0
447.0
195.0
149.0
244.0
225.0
527.0
618.0
808.0
301.0
803.0
144.0
384.0
256.0
161.0
598.0
492.0
588.0
202.0
150.0
240.0
958.0
250.0
659.0
2473.0
507.0
272.0
567.0
532.0
265.0
255.0
273.0
308.0
310.0
3207.0
520.0
292.0
174.0
597.0
997.0
135.0
143.0
322.0
250.0
275.0
657.0
2249.0
522.0
349.0
398.0
234.0
205.0
197.0
191.0
282.0
269.0
359.0
658.0
805.0
428.0
375.0
224.0
144.0
351.0
279.0
238.0
178.0
465.0
336.0
251.0
443.0
349.0
195.0
261.0
404.0
298.0
1055.0
306.0
285.0
413.0
172.0
112.0
122.0
151.0
214.0
697.0
342.0
200.0
358.0
640.0
1024.0
483.0
301.0
406.0
266.0
222.0
259.0
335.0
190.0
524.0
386.0
278.0
276.0
854.0
209.0
245.0
167.0
205.0
373.0
176.0
154.0
276.0
314.0
253.0
691.0
187.0
171.0
829.0
511.0
567.0
211.0
243.0
226.0
194.0
549.0
125.0
2170.0
317.0
528.0
375.0
208.0
578.0
297.0
2059.0
674.0
173.0
138.0
1150.0
235.0
300.0
155.0
174.0
255.0
2007.0
711.0
237.0
1609.0
212.0
229.0
302.0
840.0
268.0
471.0
239.0
423.0
190.0
305.0
757.0
411.0
572.0
125.0
190.0
140.0
157.0
169.0
250.0
638.0
364.0
139.0
361.0
210.0
197.0
186.0
206.0
895.0
1701.0
192.0
279.0
126.0
1029.0
345.0
1358.0
852.0
972.0
483.0
141.0
187.0
1013.0
357.0
1037.0
191.0
195.0
348.0
390.0
447.0
282.0
275.0
192.0
157.0
624.0
269.0
430.0
289.0
142.0
201.0
292.0
1001.0
194.0
334.0
1912.0
214.0
281.0
206.0
232.0
370.0
206.0
533.0
356.0
735.0
1220.0
217.0
173.0
572.0
249.0
548.0
254.0
520.0
172.0
444.0
337.0
248.0
373.0
258.0
299.0
133.0
252.0
375.0
204.0
497.0
211.0
176.0
318.0
232.0
185.0
462.0
180.0
2184.0
243.0
1168.0
309.0
583.0
283.0
253.0
273.0
864.0
312.0
936.0
307.0
1029.0
323.0
261.0
447.0
269.0
167.0
373.0
1156.0
313.0
751.0
297.0
207.0
237.0
162.0
156.0
460.0
121.0
399.0
364.0
1588.0
213.0
187.0
377.0
166.0
157.0
166.0
533.0
2567.0
186.0
199.0
270.0
302.0
1467.0
173.0
224.0
136.0
625.0
151.0
171.0
200.0
296.0
142.0
155.0
2971.0
1602.0
744.0
549.0
878.0
236.0
969.0
210.0
879.0
209.0
673.0
843.0
623.0
172.0
270.0
600.0
171.0
180.0
271.0
304.0
555.0
233.0
580.0
205.0
323.0
157.0
482.0
1494.0
282.0
423.0
298.0
112.0
240.0
218.0
307.0
541.0
203.0
547.0
1031.0
305.0
489.0
300.0
1156.0
424.0
251.0
329.0
796.0
628.0
1549.0
172.0
198.0
227.0
224.0
387.0
2055.0
1036.0
187.0
152.0
1311.0
300.0
189.0
200.0
936.0
1495.0
268.0
272.0
457.0
478.0
506.0
376.0
362.0
353.0
290.0
618.0
159.0
218.0
188.0
171.0
1181.0
361.0
272.0
241.0
931.0
448.0
674.0
415.0
254.0
510.0
757.0
378.0
167.0
150.0
731.0
377.0
148.0
152.0
257.0
243.0
193.0
1741.0
186.0
148.0
360.0
316.0
147.0
184.0
181.0
311.0
269.0
201.0
932.0
264.0
207.0
208.0
331.0
523.0
268.0
366.0
831.0
157.0
671.0
225.0
215.0
195.0
189.0
611.0
964.0
222.0
411.0
324.0
174.0
2446.0
167.0
1740.0
981.0
201.0
189.0
485.0
165.0
294.0
503.0
2202.0
859.0
196.0
226.0
202.0
302.0
231.0
