19.0
41.0
50.0
32.0
33.0
44.0
45.0
56.0
57.0
37.0
29.0
15.0
53.0
37.0
66.0
58.0
51.0
64.0
36.0
57.0
59.0
13.0
26.0
49.0
39.0
40.0
45.0
68.0
23.0
75.0
44.0
46.0
38.0
72.0
41.0
71.0
40.0
44.0
51.0
58.0
53.0
53.0
40.0
57.0
72.0
65.0
39.0
49.0
56.0
37.0
47.0
18.0
13.0
35.0
54.0
53.0
52.0
40.0
40.0
29.0
53.0
36.0
65.0
37.0
44.0
30.0
64.0
51.0
22.0
45.0
46.0
49.0
54.0
51.0
48.0
57.0
44.0
36.0
50.0
55.0
67.0
64.0
42.0
59.0
29.0
40.0
30.0
52.0
62.0
44.0
37.0
48.0
21.0
51.0
43.0
46.0
59.0
50.0
68.0
85.0
37.0
32.0
30.0
23.0
28.0
41.0
66.0
27.0
52.0
81.0
40.0
51.0
37.0
48.0
48.0
21.0
44.0
61.0
35.0
30.0
35.0
39.0
19.0
46.0
38.0
44.0
63.0
52.0
47.0
49.0
42.0
51.0
43.0
44.0
49.0
45.0
24.0
57.0
36.0
41.0
37.0
32.0
45.0
44.0
47.0
54.0
46.0
55.0
54.0
49.0
53.0
50.0
49.0
18.0
27.0
47.0
31.0
41.0
58.0
48.0
52.0
55.0
53.0
44.0
45.0
52.0
19.0
21.0
27.0
26.0
39.0
42.0
46.0
60.0
49.0
48.0
29.0
24.0
28.0
30.0
46.0
24.0
38.0
61.0
39.0
72.0
30.0
49.0
34.0
75.0
42.0
30.0
43.0
50.0
61.0
53.0
65.0
35.0
28.0
60.0
41.0
38.0
42.0
35.0
24.0
61.0
38.0
28.0
35.0
33.0
28.0
39.0
14.0
50.0
31.0
62.0
47.0
49.0
36.0
24.0
45.0
63.0
41.0
41.0
26.0
50.0
42.0
59.0
37.0
42.0
45.0
29.0
68.0
47.0
32.0
49.0
32.0
64.0
36.0
40.0
31.0
32.0
33.0
35.0
61.0
27.0
26.0
45.0
56.0
27.0
55.0
51.0
42.0
21.0
44.0
40.0
39.0
12.0
51.0
19.0
44.0
31.0
22.0
44.0
55.0
47.0
33.0
18.0
32.0
42.0
53.0
36.0
41.0
68.0
17.0
40.0
19.0
25.0
42.0
42.0
52.0
41.0
23.0
56.0
65.0
38.0
6.0
26.0
40.0
39.0
48.0
26.0
44.0
22.0
46.0
35.0
41.0
50.0
27.0
56.0
34.0
35.0
32.0
16.0
44.0
32.0
43.0
37.0
60.0
48.0
45.0
49.0
15.0
38.0
24.0
14.0
40.0
54.0
14.0
34.0
11.0
43.0
34.0
19.0
41.0
61.0
22.0
26.0
14.0
45.0
20.0
29.0
52.0
41.0
26.0
48.0
63.0
63.0
29.0
32.0
33.0
37.0
36.0
27.0
19.0
31.0
23.0
45.0
18.0
43.0
57.0
30.0
27.0
42.0
49.0
32.0
35.0
17.0
47.0
30.0
38.0
37.0
64.0
35.0
23.0
25.0
38.0
30.0
23.0
48.0
27.0
21.0
31.0
39.0
40.0
29.0
46.0
41.0
42.0
20.0
35.0
13.0
28.0
48.0
53.0
18.0
29.0
11.0
36.0
49.0
36.0
43.0
31.0
41.0
45.0
27.0
46.0
35.0
52.0
44.0
44.0
31.0
40.0
35.0
28.0
34.0
32.0
31.0
19.0
32.0
30.0
35.0
49.0
35.0
21.0
23.0
13.0
54.0
40.0
55.0
24.0
60.0
63.0
47.0
32.0
37.0
61.0
54.0
27.0
32.0
45.0
28.0
37.0
45.0
24.0
43.0
35.0
55.0
37.0
39.0
38.0
41.0
30.0
72.0
17.0
47.0
14.0
35.0
25.0
28.0
52.0
34.0
24.0
24.0
38.0
27.0
14.0
25.0
74.0
31.0
54.0
39.0
43.0
38.0
40.0
28.0
35.0
43.0
24.0
17.0
27.0
46.0
23.0
64.0
21.0
46.0
45.0
47.0
26.0
39.0
22.0
45.0
24.0
23.0
30.0
50.0
9.0
41.0
16.0
52.0
51.0
5.0
35.0
8.0
47.0
26.0
33.0
29.0
13.0
34.0
35.0
40.0
34.0
37.0
28.0
32.0
50.0
30.0
48.0
31.0
34.0
27.0
11.0
25.0
6.0
44.0
42.0
31.0
46.0
46.0
57.0
40.0
47.0
21.0
34.0
20.0
18.0
25.0
52.0
30.0
53.0
49.0
27.0
31.0
35.0
33.0
25.0
19.0
22.0
47.0
9.0
14.0
20.0
50.0
47.0
16.0
45.0
26.0
15.0
52.0
51.0
30.0
28.0
31.0
33.0
43.0
30.0
24.0
34.0
40.0
28.0
34.0
44.0
30.0
25.0
33.0
17.0
10.0
26.0
31.0
42.0
26.0
19.0
19.0
42.0
20.0
18.0
42.0
38.0
28.0
18.0
38.0
47.0
5.0
27.0
32.0
26.0
22.0
49.0
36.0
35.0
34.0
42.0
19.0
56.0
22.0
43.0
48.0
17.0
37.0
12.0
29.0
10.0
33.0
36.0
24.0
48.0
29.0
33.0
22.0
32.0
12.0
29.0
21.0
27.0
37.0
33.0
37.0
16.0
49.0
41.0
39.0
24.0
13.0
19.0
25.0
35.0
36.0
24.0
21.0
51.0
53.0
48.0
41.0
38.0
47.0
36.0
19.0
28.0
41.0
37.0
20.0
48.0
33.0
35.0
30.0
28.0
29.0
41.0
9.0
23.0
20.0
27.0
54.0
34.0
26.0
41.0
33.0
19.0
34.0
12.0
48.0
20.0
20.0
28.0
29.0
36.0
26.0
28.0
26.0
18.0
28.0
23.0
28.0
50.0
30.0
28.0
9.0
11.0
30.0
36.0
32.0
21.0
15.0
39.0
14.0
35.0
42.0
56.0
40.0
24.0
50.0
45.0
52.0
52.0
20.0
44.0
41.0
31.0
42.0
22.0
37.0
25.0
26.0
20.0
14.0
36.0
34.0
23.0
25.0
42.0
23.0
18.0
34.0
16.0
24.0
42.0
58.0
33.0
43.0
50.0
19.0
33.0
11.0
30.0
45.0
44.0
41.0
31.0
24.0
26.0
11.0
43.0
22.0
17.0
27.0
21.0
15.0
43.0
27.0
26.0
46.0
39.0
17.0
36.0
27.0
29.0
54.0
23.0
38.0
11.0
42.0
17.0
34.0
28.0
16.0
16.0
27.0
15.0
32.0
23.0
29.0
24.0
33.0
15.0
21.0
36.0
44.0
21.0
38.0
24.0
41.0
37.0
22.0
43.0
19.0
27.0
22.0
25.0
46.0
22.0
43.0
27.0
26.0
20.0
34.0
41.0
31.0
38.0
22.0
14.0
19.0
16.0
25.0
36.0
27.0
17.0
47.0
43.0
37.0
33.0
32.0
23.0
27.0
36.0
30.0
17.0
21.0
12.0
28.0
18.0
17.0
36.0
27.0
31.0
20.0
42.0
18.0
25.0
32.0
25.0
25.0
19.0
26.0
11.0
26.0
6.0
35.0
21.0
32.0
38.0
40.0
32.0
23.0
30.0
27.0
25.0
28.0
23.0
19.0
16.0
21.0
20.0
22.0
16.0
12.0
28.0
26.0
16.0
22.0
45.0
20.0
24.0
37.0
28.0
23.0
23.0
24.0
65.0
16.0
39.0
32.0
31.0
20.0
10.0
29.0
24.0
26.0
28.0
45.0
18.0
24.0
40.0
23.0
22.0
35.0
17.0
17.0
18.0
35.0
17.0
25.0
41.0
27.0
32.0
46.0
55.0
24.0
34.0
33.0
23.0
46.0
37.0
27.0
22.0
20.0
19.0
10.0
43.0
54.0
29.0
44.0
47.0
24.0
26.0
13.0
42.0
32.0
26.0
24.0
23.0
17.0
34.0
10.0
42.0
21.0
54.0
8.0
30.0
8.0
22.0
28.0
28.0
19.0
32.0
25.0
26.0
25.0
30.0
43.0
16.0
31.0
26.0
34.0
12.0
33.0
21.0
22.0
26.0
15.0
24.0
31.0
32.0
22.0
22.0
26.0
29.0
18.0
30.0
19.0
24.0
41.0
11.0
22.0
17.0
24.0
27.0
14.0
20.0
34.0
26.0
17.0
26.0
18.0
20.0
21.0
55.0
34.0
17.0
10.0
29.0
17.0
38.0
19.0
15.0
33.0
26.0
20.0
13.0
25.0
28.0
24.0
12.0
24.0
45.0
36.0
25.0
18.0
25.0
18.0
28.0
43.0
12.0
25.0
33.0
15.0
30.0
14.0
29.0
23.0
33.0
23.0
20.0
39.0
26.0
37.0
21.0
38.0
15.0
25.0
29.0
17.0
29.0
15.0
23.0
24.0
28.0
26.0
40.0
24.0
10.0
30.0
20.0
25.0
13.0
40.0
9.0
36.0
23.0
23.0
21.0
39.0
11.0
28.0
28.0
5.0
11.0
25.0
18.0
43.0
26.0
18.0
39.0
19.0
21.0
45.0
11.0
39.0
25.0
12.0
21.0
26.0
28.0
21.0
32.0
8.0
15.0
50.0
29.0
13.0
13.0
32.0
21.0
20.0
23.0
15.0
26.0
32.0
47.0
24.0
24.0
18.0
34.0
24.0
34.0
19.0
4.0
28.0
13.0
9.0
19.0
23.0
24.0
25.0
17.0
35.0
14.0
27.0
18.0
31.0
19.0
23.0
17.0
19.0
11.0
13.0
19.0
27.0
16.0
21.0
11.0
14.0
23.0
26.0
27.0
20.0
35.0
23.0
34.0
47.0
29.0
24.0
45.0
15.0
25.0
19.0
21.0
27.0
31.0
27.0
19.0
15.0
22.0
26.0
12.0
24.0
19.0
25.0
11.0
24.0
22.0
21.0
23.0
15.0
15.0
23.0
6.0
5.0
17.0
30.0
32.0
20.0
26.0
12.0
47.0
18.0
23.0
7.0
26.0
16.0
14.0
31.0
24.0
19.0
20.0
31.0
37.0
16.0
15.0
12.0
12.0
38.0
6.0
8.0
29.0
14.0
37.0
39.0
16.0
23.0
18.0
18.0
17.0
11.0
24.0
16.0
25.0
12.0
17.0
27.0
24.0
24.0
12.0
30.0
11.0
31.0
31.0
20.0
21.0
23.0
22.0
29.0
16.0
27.0
12.0
15.0
14.0
24.0
24.0
24.0
18.0
14.0
23.0
10.0
18.0
9.0
21.0
44.0
14.0
19.0
26.0
19.0
16.0
13.0
22.0
23.0
25.0
13.0
23.0
31.0
25.0
9.0
22.0
36.0
19.0
16.0
14.0
22.0
12.0
26.0
14.0
10.0
13.0
13.0
19.0
26.0
23.0
8.0
28.0
19.0
7.0
8.0
21.0
15.0
31.0
21.0
37.0
25.0
10.0
26.0
32.0
21.0
9.0
23.0
24.0
16.0
17.0
25.0
17.0
17.0
20.0
8.0
20.0
33.0
42.0
19.0
11.0
36.0
29.0
9.0
31.0
10.0
19.0
16.0
6.0
15.0
16.0
23.0
21.0
24.0
22.0
16.0
29.0
22.0
14.0
7.0
14.0
5.0
16.0
22.0
15.0
14.0
10.0
35.0
29.0
19.0
32.0
28.0
17.0
25.0
25.0
32.0
25.0
16.0
28.0
32.0
17.0
10.0
12.0
11.0
12.0
18.0
14.0
18.0
30.0
26.0
11.0
9.0
25.0
15.0
26.0
42.0
22.0
14.0
16.0
23.0
7.0
16.0
19.0
7.0
16.0
35.0
15.0
23.0
9.0
9.0
29.0
10.0
13.0
24.0
21.0
10.0
13.0
16.0
17.0
29.0
15.0
14.0
23.0
27.0
7.0
11.0
10.0
8.0
33.0
16.0
12.0
27.0
36.0
22.0
28.0
18.0
4.0
15.0
16.0
13.0
47.0
6.0
25.0
46.0
17.0
43.0
8.0
15.0
10.0
16.0
22.0
13.0
4.0
14.0
23.0
8.0
10.0
37.0
18.0
16.0
21.0
14.0
10.0
16.0
4.0
34.0
16.0
24.0
15.0
22.0
29.0
13.0
19.0
22.0
19.0
28.0
16.0
29.0
14.0
25.0
16.0
12.0
22.0
21.0
21.0
21.0
5.0
20.0
7.0
12.0
20.0
22.0
13.0
20.0
22.0
10.0
26.0
12.0
25.0
10.0
18.0
12.0
11.0
20.0
6.0
24.0
6.0
11.0
9.0
18.0
12.0
13.0
14.0
42.0
15.0
28.0
18.0
32.0
3.0
11.0
4.0
11.0
16.0
16.0
10.0
29.0
3.0
7.0
5.0
11.0
17.0
31.0
18.0
20.0
14.0
12.0
21.0
15.0
24.0
15.0
17.0
15.0
7.0
12.0
18.0
15.0
13.0
10.0
13.0
27.0
12.0
16.0
11.0
20.0
21.0
15.0
8.0
20.0
23.0
17.0
27.0
11.0
28.0
39.0
19.0
9.0
12.0
13.0
11.0
4.0
22.0
12.0
12.0
19.0
14.0
19.0
15.0
12.0
17.0
26.0
26.0
19.0
12.0
5.0
12.0
6.0
19.0
27.0
30.0
16.0
18.0
17.0
13.0
15.0
15.0
18.0
13.0
12.0
14.0
9.0
10.0
13.0
12.0
3.0
18.0
9.0
19.0
20.0
16.0
8.0
12.0
11.0
19.0
17.0
13.0
15.0
14.0
10.0
11.0
20.0
10.0
8.0
6.0
22.0
11.0
12.0
20.0
15.0
12.0
24.0
25.0
6.0
21.0
10.0
21.0
19.0
8.0
12.0
13.0
11.0
19.0
21.0
24.0
7.0
6.0
12.0
8.0
22.0
16.0
28.0
23.0
21.0
9.0
12.0
14.0
8.0
20.0
14.0
22.0
18.0
9.0
25.0
6.0
22.0
18.0
10.0
13.0
14.0
12.0
8.0
21.0
12.0
13.0
21.0
16.0
12.0
17.0
29.0
12.0
18.0
15.0
8.0
15.0
11.0
14.0
13.0
4.0
17.0
10.0
21.0
9.0
25.0
21.0
16.0
14.0
16.0
6.0
14.0
29.0
11.0
12.0
14.0
21.0
15.0
18.0
11.0
22.0
8.0
9.0
14.0
12.0
17.0
12.0
19.0
13.0
16.0
18.0
12.0
14.0
4.0
19.0
14.0
21.0
5.0
29.0
9.0
12.0
10.0
18.0
18.0
12.0
9.0
24.0
15.0
23.0
17.0
10.0
13.0
9.0
4.0
20.0
7.0
18.0
12.0
22.0
14.0
12.0
8.0
7.0
7.0
5.0
16.0
6.0
14.0
17.0
7.0
8.0
14.0
3.0
28.0
10.0
6.0
9.0
18.0
19.0
15.0
13.0
7.0
9.0
17.0
4.0
18.0
5.0
7.0
21.0
19.0
15.0
15.0
23.0
9.0
8.0
17.0
13.0
16.0
4.0
6.0
16.0
9.0
10.0
13.0
16.0
15.0
10.0
4.0
11.0
13.0
13.0
12.0
9.0
10.0
9.0
13.0
18.0
14.0
12.0
11.0
22.0
7.0
20.0
19.0
12.0
27.0
16.0
11.0
9.0
10.0
8.0
7.0
14.0
17.0
9.0
15.0
17.0
9.0
10.0
10.0
17.0
12.0
13.0
10.0
10.0
14.0
25.0
17.0
12.0
11.0
16.0
10.0
9.0
17.0
12.0
12.0
6.0
10.0
12.0
13.0
10.0
32.0
13.0
13.0
14.0
10.0
18.0
8.0
12.0
21.0
15.0
14.0
12.0
10.0
8.0
9.0
11.0
15.0
11.0
18.0
15.0
18.0
8.0
10.0
13.0
8.0
8.0
12.0
17.0
25.0
11.0
10.0
4.0
15.0
16.0
20.0
6.0
11.0
9.0
13.0
17.0
11.0
17.0
13.0
21.0
16.0
5.0
9.0
11.0
16.0
12.0
12.0
16.0
8.0
7.0
11.0
13.0
14.0
3.0
10.0
10.0
3.0
17.0
17.0
6.0
19.0
10.0
8.0
10.0
10.0
6.0
12.0
15.0
7.0
12.0
15.0
5.0
20.0
17.0
11.0
9.0
4.0
19.0
14.0
11.0
16.0
11.0
21.0
13.0
9.0
13.0
13.0
6.0
18.0
9.0
17.0
11.0
6.0
16.0
13.0
13.0
16.0
12.0
16.0
6.0
14.0
9.0
6.0
16.0
12.0
15.0
10.0
15.0
11.0
11.0
10.0
14.0
26.0
8.0
5.0
16.0
14.0
12.0
14.0
13.0
14.0
13.0
12.0
15.0
23.0
15.0
9.0
4.0
10.0
9.0
17.0
11.0
10.0
16.0
8.0
11.0
13.0
15.0
9.0
11.0
7.0
15.0
10.0
14.0
12.0
11.0
12.0
20.0
9.0
7.0
12.0
7.0
17.0
12.0
12.0
16.0
14.0
12.0
13.0
9.0
18.0
5.0
15.0
16.0
16.0
17.0
5.0
6.0
8.0
3.0
8.0
7.0
14.0
13.0
10.0
9.0
14.0
14.0
14.0
10.0
15.0
3.0
10.0
17.0
7.0
4.0
12.0
10.0
19.0
15.0
22.0
8.0
13.0
13.0
14.0
14.0
16.0
10.0
9.0
4.0
5.0
7.0
9.0
10.0
14.0
13.0
15.0
8.0
11.0
13.0
12.0
5.0
12.0
8.0
14.0
3.0
12.0
17.0
14.0
8.0
5.0
17.0
16.0
