11.613902880374958
10.186257201514323
8.740078571321428
11.831471370070844
10.284612272908443
9.517760509747955
10.199659244344906
7.3084934115351015
8.030883786424072
9.72069661386269
11.23540943340468
12.077834626622128
9.525109773511529
11.72636964921181
6.5520856593181325
7.349108138534469
9.646496015630397
7.328066480932906
10.512887937994662
7.32636401066274
8.788224109813914
12.1355636123904
11.22420401013436
8.881336711589517
9.04770339492657
9.705164353838182
8.993747651240946
7.340992657315112
12.060904375609805
8.06806088035024
11.146084045651765
9.637566735839268
11.189753094590161
5.965710973068557
9.815693839727937
8.084332681335674
9.111974748253981
8.357116454524869
8.297429141083445
7.555372797711389
8.285232595605782
8.937995612241789
10.471228208492903
9.67424308327316
7.374453482828289
8.102902550754017
9.705066738437036
9.008407167592743
8.191540758979187
11.17968866766073
9.076140391472203
12.73884673278915
12.82086182472193
11.908869559602708
9.66801447754307
9.677212788881224
8.977497201914787
10.56473838031238
9.83643497282242
11.320825103616492
9.660285367986278
10.57076746664486
7.4454675477564
11.241505496796341
9.79605277436629
11.334800482740096
8.126501955184334
8.941339481716053
12.11617636741853
10.416382022711856
9.716579836936594
8.33734665377106
8.231310274654295
8.313187245063203
9.00209368510465
8.91322865226417
10.466048504326244
10.602506210446693
8.877521357176192
8.923709354005583
7.450484680189877
8.888599690716044
8.38354142321669
8.226587154821193
11.341453843914648
10.463861009128966
11.300460327844164
9.002795177586606
7.491459531729865
11.154615189120603
9.855878618026328
9.767146758530263
12.149753148974217
6.912986035407643
10.45442242972127
9.063349955900554
8.873006406408393
7.576025266665707
6.012664452393406
5.841878054823465
9.875872773583243
10.594131700752758
9.934465104529956
12.813114991962863
12.696280072646712
10.548625019858866
8.14232168710409
12.068768380183242
10.396783552144393
5.860692262386248
9.093198953683322
10.361243743296907
9.888044035866157
8.323665830215859
9.73251426763827
12.147433733941003
9.080996724234563
8.224674696300502
12.016354558574722
11.344941816712295
11.296514841476359
8.406798362082474
12.889762048820867
10.443072721099375
10.588561294845265
9.73526463196242
7.485434544867271
8.990556635417667
9.021882588329996
9.689839847911635
10.551345133734673
10.383713496522551
9.748754866389085
8.377914114792677
8.313857765578595
10.466585131227854
11.355995535022997
7.514585908604818
11.278720546806825
10.482729247504048
11.311425855868794
11.27163046000869
9.755897092282973
9.779568061053
10.492255718057935
9.689953018311769
10.453563059905942
9.702645842005875
9.689801265731045
9.746795877983878
8.983643913723494
9.713484740655968
9.70527422889975
12.85739387640352
11.40883761472701
8.342495388662957
10.624383884763969
10.522374349259563
8.949216294495656
10.445215320289675
9.683893181362537
9.671859867041121
8.230493824743398
9.750495773793475
9.79373123656191
9.743636004016324
12.111313463387058
12.188102036227987
12.688489778078814
12.815491186337347
9.837370218634709
9.780354015810829
9.79130960193009
6.835566591922302
9.047238169355946
8.33051315349206
9.958228379901698
12.066900836346388
11.307423150828225
11.360031381262852
9.772345919271755
12.104053342732552
8.441695618940726
7.507262339452572
11.236369354106905
6.668177967386443
11.325809852205946
9.028972523527827
12.697070264575016
7.35074408542244
10.554918381509744
10.594625469419512
10.5219322460343
9.023264569059894
7.481722136811695
7.587804763985399
8.156055149618672
11.271757190321187
10.61608622903449
8.247805000184089
11.251535869443984
9.84159864753579
10.507374694904389
11.960620252338705
11.418062540674903
8.202707573978243
10.518229651584603
12.117199168147476
11.296782126540773
9.931249623706389
11.36467243776537
9.811527298612532
12.918136012002412
10.41878632451561
10.545969138780332
8.90429037522158
10.468459149403182
9.040562001275608
10.578584930956888
11.360397592776678
10.48053730328507
7.489677042624591
8.440271813253332
9.791978395467801
12.098296175692841
9.04664552519218
10.486724345167902
8.915659194666702
11.278521141745202
10.516675068301353
8.339383298086261
12.047624649288942
6.7410716104337824
9.773335009058117
9.245692534551333
9.01112533176102
11.94412631120727
9.61501208403313
11.286465007807415
10.509043831843861
10.624856130635065
11.316799153826663
11.306168682679989
11.304789172029526
10.332942417061101
10.713564910918578
12.111802625067543
11.135247295964943
8.278118257170426
11.419279560164204
9.706278879857843
9.738159734065997
11.254754740487352
12.889962114813407
10.520016648961915
10.569835873044491
11.264976847114344
12.939543963952698
9.709957541763176
12.82887460326742
8.40308202537464
11.314916305803802
11.402999860040435
9.733522179259781
8.262194061112249
9.039450276318625
11.29752506210198
12.95112292984371
10.637027964706368
11.212627697537902
9.68510200060965
11.260874178786569
10.564053608033085
8.118364571794114
12.877641651533708
9.81232351152866
13.522336890932245
12.067007398500888
9.016799161271319
9.074871871348735
10.399416228514715
9.83133050855946
11.443964921855457
10.378410981790639
7.472276398350372
10.562148692014238
13.712866965454623
10.648976574775228
9.829610465726962
10.533875294267016
11.14189058369907
12.086277307004691
8.346485716138178
12.821989025762306
9.75839087783073
10.599589080609132
9.08459728665235
9.734051550600391
11.386940594202803
7.466204925981152
11.302081145280736
9.825202719384588
9.19801944422787
12.03809178870491
10.49809941812555
12.004879587398117
9.83129346123526
11.250702346610272
8.90688104709247
9.714240266583719
10.482892686070423
7.639296560378612
11.500441836377792
10.548199814749841
10.679771008418149
12.814653892446083
11.255078172967284
8.287716315360035
13.532284797277907
9.89232278127541
11.49320363318249
9.800188367437988
11.972631498374087
12.185742310886743
9.837572712649207
8.207189595671162
12.144922269651461
12.081671121279161
13.64640920062243
9.08425172932632
11.476704480113831
11.368231638631439
7.606112152009624
11.232817224988928
11.417162908603427
9.727658535340739
9.590986909178424
7.466819686869573
11.328894651054
10.603138658239855
10.59142271199949
9.857416914912164
9.885924295545877
11.339936624305214
12.18729838919263
11.265252623632755
10.67295834186085
9.76039498240895
12.163957187532825
9.143901893352435
9.67072362614932
12.02973738563652
10.663630728461117
10.542870547011795
8.269264154460135
10.572006849626575
10.604271388637125
13.614235405222198
9.026229700448628
11.369825835615458
10.575376820827934
11.94839435854663
9.597586584076986
12.059053203314416
12.135275434064155
12.10356771687777
11.28432565342438
11.295379096862847
12.886205803773981
9.717603490894778
12.776926705178557
12.859368741749966
11.323344839390307
11.242459067918018
10.510742317654612
11.36839559639018
10.476152438436742
9.126520892822917
9.828142997798547
12.794605600981505
11.277093740964894
13.66679678236477
12.046179701450273
9.71969180199701
9.638331415995564
13.561859504283252
11.359261600265734
13.617628492085924
9.903943237597742
9.772224577441225
10.605329000407155
10.451653013841108
10.598276900120306
9.808047252731784
9.107270301175662
12.077270606406628
10.465877859154656
12.012148800976956
8.308599554295107
9.790828457082496
9.811153791334092
12.01958057407245
9.831237444246282
11.284687804892576
12.082176797627673
9.872676267838754
10.616538762708707
10.593345447821882
12.897086282094596
11.27674863911656
12.740909437362545
11.2987198565807
10.421920438130295
11.97214280396673
13.503373139918418
12.094119505436495
13.654385417106578
9.667929086386184
11.243269430421417
10.414834348243224
11.419779666555133
8.271256327282316
8.182125723891449
10.485472306008461
11.255895558490103
9.88199066494059
9.592412927959536
8.995817612923275
12.037531081446181
11.324904504667666
10.490060853986169
11.309697943839668
10.586266064894675
9.103829533309295
12.138188228155208
9.062299945126105
11.278372502384997
9.6833249289915
10.539799187801373
11.271230494319864
10.522754322368302
10.551021877412744
12.018215426873969
8.12056803821627
12.890626061202127
8.345484434032752
14.363663743487955
9.860865481395937
10.018307471945821
12.020245518722094
9.691607702946786
11.325901083102954
11.429438067079888
12.13325521992331
11.975481992861791
12.033449388780063
12.167158512194622
12.09581829783179
8.11874957294736
12.017047561075973
8.987941571754048
10.525550104712494
10.51360051668632
12.00727727681999
11.23670295598935
10.677344708499687
9.843372307470322
9.064907234826704
10.681635812620941
12.172618785605769
12.07334535577884
10.461204944254403
12.056688084947064
8.180379305313265
12.863507712936162
8.349013739183588
10.464279711764508
11.190370719592499
11.277176228091447
9.822203539077238
12.84043337701715
10.439249519735972
11.394957907029138
10.733959564090524
12.072814519194223
9.724096093221958
13.617683764410069
11.154590223423812
13.593994622934693
8.979610947440111
9.736275700789921
13.018929200396938
9.899259021826431
14.40247621897632
9.751267252098629
12.779699166395792
11.345909861708039
12.087757025097558
13.646437911363124
11.984758926375568
11.99538888487594
11.217016747756904
12.736970677666733
9.857824128774393
11.333756679410646
11.307015294496011
9.73511261052092
12.03573694515961
9.729975242969742
12.026556455316095
11.338697628862967
12.776904627389065
12.913793716065499
11.409210647156854
12.982134827354324
10.483450832486316
11.208279820655566
12.066445857002568
9.753506787330318
9.082653538303314
9.662791017643793
11.960926277536714
9.750916302491525
12.118711417643102
12.003867127238582
12.098904150994667
12.898967845097868
12.83737818406022
8.967555112124668
11.363534635764665
8.295098043515276
8.304776520291476
12.071895516561154
10.621914585235903
9.839446496781328
10.604832075273755
12.819447537281732
12.184628859525567
12.797786429982922
10.478891389816166
12.996494683128931
13.634481031075705
13.578429970883189
10.44394932677044
10.470901447413453
12.952000185742222
11.199706583185858
11.353678886956942
12.883328449000862
9.68148946342856
9.699321864611122
12.011735881441428
12.03933959611386
10.611952666690744
11.303056577424409
9.115464424345301
11.319051635477452
12.84600224696492
10.545935930112767
10.535026889626124
12.073126252255133
11.289491423180973
9.064708350316707
11.990410159239557
12.165803717768135
12.017971836835779
13.536188260059747
13.669047864738387
11.380740225745592
11.362221984311661
10.528425034955653
12.80108340169679
12.843590483118955
12.116249911858437
10.514063016488063
12.829655676058687
12.155408538294715
9.079017440850562
11.259194699983317
10.634738993483543
12.1017092540902
10.539144338903881
10.456898418783354
13.705434787282162
12.022931519594945
11.293707827486754
12.06508910897049
12.064977650739271
9.002270457871774
9.89128733547625
11.322361230782992
11.302468109952514
9.087817339724241
12.849382295326691
8.98872390794753
13.570914965319519
10.526239764829713
9.741817272650662
12.20217505860339
11.977578802856991
14.382478669741733
11.319023877334462
12.92322138924862
12.043007987775411
11.995038597405456
12.785264622470336
10.457464992750893
11.38270356831444
11.294241862168953
12.773251963622041
12.039385580212262
14.37214572681103
11.380190523363103
13.49279000294092
11.390410756882353
11.988180826931245
11.33605643897766
11.971509791882722
12.93364798151521
8.383697267697537
11.211587528441777
11.210037823479535
12.83340825366196
12.922445610206193
12.791433345200199
12.074430919372396
12.666944054615092
11.295905815795313
11.391981215958008
12.842555649573224
9.710406590581151
9.69558916830481
9.047202816746381
11.193081454843142
10.597401646914356
10.455447071206343
12.014493087121702
12.821283943100966
12.118204582157396
10.490695075767345
11.2881816997477
13.535041645813664
9.04473814646462
11.310594985647976
12.012522465349617
10.619489591556295
12.079137498258667
11.957489057547413
11.185223165838565
13.67396510626003
12.148653962242735
11.402171790916174
12.044583563361316
9.707539818488574
11.19826116044172
11.332865701495054
10.533042517770198
11.215304587144919
12.862369606381277
12.026969839246986
13.678671323980868
11.105796898620865
12.747223218293545
12.125871939337967
11.397328485117406
11.363881870527354
11.22710061982867
11.414014994384738
12.766499662052349
11.36930603352647
13.603923748518792
12.053981057733154
12.073346950129933
11.392841709791538
9.766032352683201
12.085287999332705
10.68013802538821
14.383730331532664
13.639411519629341
12.711991633860809
11.270205055972042
10.588379738791403
12.806792855287892
12.924021357775635
11.280882499127184
13.5929444828541
11.28447168377043
8.3477083838535
9.69468853781316
12.000118113994128
12.101559946581911
8.305152557997147
9.692890093060292
9.740848528078892
9.699142885642987
10.726889570230338
11.200109153651812
10.512352416626682
12.002859884151889
11.17685489404954
12.096486857877965
11.9537808430977
12.767560946666187
12.065495432977157
12.846088991161764
14.33001499696449
11.901401502448188
11.995452604776672
12.083994635833458
12.806906338625268
9.804193508997319
12.155594753470199
13.605668551606241
12.014932393271314
12.907925796842727
12.114954772629165
9.84727380725117
7.502478248382066
11.291741978257841
10.527469520217526
9.048010769609132
12.796408545174055
10.58638475985079
13.704427926858841
9.95052381456047
9.754693740315178
11.872519386844292
10.513823022060329
12.005084461115382
12.78087720203422
12.749178868898667
13.630833690199175
11.193231390091341
12.87250375354071
12.836833060739428
11.357717124916803
12.844417930315709
13.621988301679762
11.180760098443377
11.37221787390511
12.098356907976768
10.430114639926666
11.208217725999267
12.868789764743719
11.960046882712387
11.373279971141162
11.323955617068334
9.701566542150585
12.03230797608053
10.60716191476152
14.410253198463842
11.251173013719125
13.561191403058901
12.001513171359235
12.735135295149549
12.878313942189456
12.182838459302676
11.335015113053378
13.643208929041311
11.329720918013729
12.852207026043466
11.383159449377505
12.124473498196751
12.013595406147722
13.541624500602802
13.578617493133558
11.32817313926711
9.772865065155965
12.093798204835833
9.854817297588276
12.114622186564302
10.534282071920076
11.270016755496163
10.729151777191888
10.506845925108047
12.894980239091513
12.772614369052596
12.837630174339713
12.84676719534406
9.756257401741507
11.462101656029485
11.22198065701151
12.79480797608053
12.092341418279442
12.834634448990542
9.930208938500407
10.449389011283841
12.039097340102606
10.524889074917748
12.822427410048311
14.341917392867154
13.589065935908614
13.6030610446968
11.397275178819884
10.571474251484648
12.83845446133896
13.519204146179128
7.603957569081487
10.515878165142034
11.98823514793164
12.025454780368424
11.982895351456959
12.821139722005809
11.357470371536035
12.691994531783418
12.768318301972135
12.862127681438333
12.779589299012297
13.62098534528275
11.342097997079719
13.577951443887791
12.922219417457363
11.976249580790126
11.388605200610197
12.76850011866864
13.539331603178944
11.260357325896765
12.920899482501534
12.790297669107112
12.053277645063813
12.140957853714243
12.066503359698409
12.857437750558516
11.337041964843126
14.389959489277686
12.837770564501565
14.404068193192547
11.999106218752742
11.434559954321173
10.596248222120177
11.274470024129291
10.520427710159582
11.292047373725389
12.853388114389691
12.034960989834053
11.976327192661119
12.135842409764537
11.357916191562145
13.519190873349602
12.867513277129113
12.867508599176887
13.588466203514999
11.445795406663674
12.779458527029794
12.855401934126865
13.598928138398593
12.723045432891164
12.104612572684543
13.619831198157712
13.56496428761839
9.690511986392663
11.431994905847613
12.758380860983985
10.559827328528113
12.743756898689659
12.778976409878048
13.550495415778801
12.812380802509583
7.441112067052942
13.617174572749896
11.995563104199666
11.367575277194469
10.640005477675677
12.900242604277917
14.394509705031036
12.74812703478023
13.56342355159764
12.087872567937795
10.658997688541254
8.36673510751551
12.90091200720267
12.77796030963916
11.254206971008735
12.8743798359621
12.878350127525792
12.00130777142012
13.5970813361745
13.553912204123822
12.85836699051167
11.97525915339384
13.617755326760122
12.13626385542376
11.212234289733788
12.764412929894348
12.049950958894213
10.469837716333792
10.398274480566721
12.771509998262966
10.590860373445054
11.994231986014299
12.126058928439369
10.46963672347283
11.951113116152523
12.074806797993297
13.514665320035567
12.201382635854095
13.53743171823593
13.683238114647665
11.168679746874629
8.970496770149161
12.056900207412147
10.490204772199204
10.451915763323134
12.845086051963106
9.978417308595223
14.38381500762747
10.502077148375356
11.33907760929124
12.129224156463746
12.085724738628018
13.541670957655933
13.63378219316847
9.880235079998142
12.92823851450939
10.480884369448155
12.12334737578919
8.973785680134696
14.391775334464986
12.067464743374764
14.36212569932806
12.783312996279996
12.762276468696417
12.036296738676175
12.846845082388713
10.607582612292349
12.11509032145443
12.077377986279153
12.041695237431872
11.362270677150784
10.515091804812444
12.923924629934422
12.057278614191048
11.400998953480173
11.326866743715293
12.919203866705878
12.001744833184567
12.17623230504376
12.135175169532772
12.801630180359137
14.36521233087569
13.554861303875994
10.636181238831819
12.082017689366772
12.823528199280767
12.149814197585007
12.138319179088176
12.056763398807465
13.594900524721773
12.710447483966835
12.86214550323243
12.051197474077782
10.531737459390389
14.356143828112774
12.14423764857228
12.89810370091375
11.35413563653687
12.056172446173454
12.923723189916261
12.827024224741209
10.590058917260441
12.822757781825125
13.619415840715726
11.32958860677856
12.838743393682357
13.576804623261461
12.871314422883442
10.397108810544655
10.576855741068465
12.86001607616119
13.673609194927861
12.05893563258125
13.576991259796614
11.277708065683951
12.853365201882877
12.877694887445374
11.311405101203713
12.786919495365902
13.522101208872288
13.612816213232069
12.802156875643863
12.772995592061928
12.134999883911112
13.630070870116311
12.141012488584593
11.17647631098751
12.002534065639237
12.04433429472131
12.142830505064056
12.085418276862539
13.476921253897578
11.349315423827631
11.932767920254673
14.28460976505329
12.845771509551106
12.04452747952966
13.613450604608127
11.298538608584389
13.605382934245533
12.783279816355979
12.097403061478957
11.261930218539481
12.817738468073836
13.430718926709991
11.979160412813977
12.783859909107509
12.038599880173397
13.506144239207455
11.246596085230575
13.597314188783233
12.780826826525274
12.825851617682108
12.881382701878666
11.335874022792465
12.18862400775291
11.408956070033353
12.855802184233251
11.342929387719426
12.07744694481195
11.23822767797075
12.178972789579555
14.33793770539708
10.6358910125149
13.625141995596664
12.760790431949802
12.927017192010194
10.53737657232235
13.71178890266048
11.99911504808142
12.887781014279847
12.804372994821648
12.826044534610341
11.215327304729556
13.602237767177888
10.61574130005742
11.32382903018366
14.409801041609741
13.604415015644966
12.140855608713174
13.508625303527309
11.22857437109785
13.514372600272502
11.428530449091067
11.235302550310566
13.577921423260841
13.504669267552996
9.824075563317447
14.339725796380803
11.203934962610822
12.786996768447334
13.638078471424002
12.87830157920687
12.802158461651738
12.797227653938075
12.1436336445488
11.990650949068643
13.634669267552997
13.581969088777461
9.709141430063466
12.070416732297295
14.329037074684825
13.662667177858468
12.041787441183095
12.134780569063093
12.124940543242511
12.785861917672634
13.596415265768456
12.77079599543716
12.033119300563484
10.440778703775562
13.51507871006692
13.540848368678967
13.60258951137595
11.98295187319382
12.848969849786606
11.96492693416716
14.31234843610822
13.03548284970257
12.7384433723627
12.938326302245617
14.341798498891665
12.918748092119532
13.550920163611991
12.797351568774852
12.774123347390152
13.582548687594073
10.560702568419261
13.636590988619993
12.809960340731264
12.849096819604783
12.76405777990449
13.60272976192499
12.838331878744295
13.595584896337282
12.864189119612758
14.321791351850125
14.326591943803956
12.111364966301446
12.797089555997125
12.941829123329404
12.785100366261004
12.928376914366993
13.607251506366438
13.56489945579006
12.082003841247813
12.082419808556029
13.575618288359323
12.009873956281659
12.850275815492136
12.732457762193787
9.751402073438035
11.34376260127208
12.793261531129277
10.471737473122054
12.232189489440396
12.825409391999386
12.907721721311916
12.817122749022506
13.430495607684517
12.72552387095036
12.811362838185255
12.133104223505088
13.603109949633946
12.113027673699973
10.657790186877762
14.280345804147794
12.797164461018314
12.813085646784298
13.528292411583871
14.406073851793106
12.796894634177555
12.793111647993893
12.091582289787201
12.819164405375789
13.585233884600001
12.94417209315248
13.520357580540454
14.436049162813402
14.417078376977127
13.599166491779219
12.01644464532902
12.055088860809951
13.59252801452002
12.827530612574476
14.37791702466931
10.437668278463068
13.586881707048446
12.827144122029036
14.443361076146378
12.80633216399835
13.59441212751461
14.343124964697227
12.040105929748362
12.752078021461944
13.573744162318206
13.56370661279674
12.001963684870114
11.268073403514862
12.909330757015436
13.629722058305102
13.668544327194592
13.625438362086054
11.237340151341552
14.393886243253823
13.639051969202052
12.725361436100718
13.621530444651912
11.286105226295176
11.225945933679313
14.293252646693832
12.129757743763639
13.65185280354912
12.851353270655508
13.564050611815228
14.398367703117803
13.48696808346165
13.62155639343354
12.805493608150782
14.340531155758818
12.85399640512536
12.077935698209627
13.550521011138763
12.79919001739384
13.648314499830317
11.323321636922024
13.632287696204965
11.303567915187012
12.779473773235345
12.898609461479833
12.877521300296216
12.839802975704192
12.827531643530243
12.08408305401091
13.61884552968548
12.103915499589533
12.912792632240551
12.913264530238536
14.237015183291996
13.557350176563613
12.787305696600816
13.508198932903378
13.548917221676003
13.640828986404395
12.83264046982805
14.388950797769953
13.64560488325555
14.339266068176562
12.833440607839886
11.208802541049566
13.605927195465082
12.83363129103062
12.808225033993988
12.767608436340891
12.911498443310366
13.634504515540337
12.83815728864297
12.849845188253136
12.072771818338094
13.592373109015115
12.77850608309825
12.766209826210096
12.799301213282629
14.408074898668605
12.133992577501163
11.964413470742057
13.582433701584304
13.620890548316925
13.66102341073232
12.848878563513534
13.625883662649843
12.049395260634345
13.645649553030543
14.350074937166804
12.959844416758395
13.554683664578581
14.27239949673745
12.797155060339616
12.820111745425717
13.690899492834054
12.095229008799173
13.531510063949872
13.591999319431427
14.41814753091834
13.511366612998799
13.6523153823805
12.022583432793393
13.553017849388002
11.964903889588694
12.865244816022233
13.651658851455577
11.361087744438693
11.32204462331693
12.827470207521369
14.403692764925399
12.830734241799004
12.145955353492306
14.346887820072732
13.58471753801946
11.377398569872243
13.56441707564307
13.63327771147107
12.874711372184525
14.371072679243563
13.545460622158462
10.567681408798377
11.255342116203945
12.85527969133475
13.704156395760268
12.04732852955399
12.02697728897055
14.340590505746947
12.040069958423476
14.36451234184932
13.57569697623046
14.32756495863242
14.441315955720487
14.38313672310365
13.608128133336333
13.56346477368799
12.876008093729876
13.492660131846002
13.535126835112747
13.640251250119972
12.72020486820834
13.509450877904376
13.640983656174798
14.381271778079538
13.645465955651604
14.423053227167086
14.318029934608166
12.841271279057148
13.564808619555585
13.638909973988074
13.665118452761178
11.281846644219844
12.732120505335176
13.552821578218008
12.713545379198083
12.091479803063724
13.564630483104189
12.742985339074234
12.052656815872831
12.743207478661818
12.831086396619016
13.556607667984178
12.038871744051109
12.008323940691037
12.86228160346303
14.36515239661626
13.675787365870512
13.634877412700549
13.655690062244624
13.547440541329081
14.3320894320069
13.590596851444248
12.023210155549567
12.03658493031979
14.360261014350261
14.366545974427705
13.533974959408509
13.596445429835079
12.126651554018487
10.514024061451394
12.829078616385416
13.570760160348446
13.586289546185057
11.416501562965681
14.42031139494668
14.352961566244533
12.1248912548316
14.450331767612315
13.56400292456205
11.983555959314675
13.588928055513332
12.83277533177718
14.389839056094555
14.387867058139017
11.993741549339003
12.960438496408798
13.569563356173557
12.107389047882117
13.585578606512119
14.291035414057706
14.401918838676929
12.19418286193321
13.627094915130222
12.055352911772689
13.583889316986829
14.349616649774912
12.821008295405337
12.001088735977815
13.70748609166429
14.391629631475027
14.419068005653955
14.343175796097613
12.712755476502858
14.273877921366624
13.641111161370524
13.492625262656457
10.577215560681505
13.55895718097047
11.347633902938307
12.833182035790927
14.45573358128317
13.62402134055477
13.550807909596735
14.331892338444945
10.46093505545042
14.425446034937996
12.765807268980568
10.468728534957513
13.54065880446175
11.211217763497983
14.39683732084369
14.279337505680973
14.335142168187996
14.274440921183087
12.795584323456517
13.696040703924659
14.475797694945165
12.867345517745681
13.513050606534163
14.361961875148577
14.350133629317902
11.276399652184455
13.551484929906488
13.593741982922106
12.155559347845088
12.15308575814589
14.325173510544449
13.61397225190589
14.393627196291682
11.972738059320292
13.60596312392915
13.479256760107845
13.603027412708203
12.821545271051054
12.054606887840738
14.320427479647616
13.595230816989966
13.55451721918089
13.549151940531225
12.042257351893292
13.623820093320248
12.785427367520654
13.65841900292571
13.526144322632977
13.633338238983661
14.363927929992363
12.825180494561804
13.555294324477522
13.553174012781401
13.54689928610714
14.472689306669619
12.184606250286059
14.377899677135575
13.657229067197038
12.800996243861526
12.148606729485321
14.314948455273129
12.853968186633763
13.476448073811842
14.388006074908771
13.4826080972812
13.6493449512175
13.483900580197721
14.413698499090662
13.643518689536588
14.343474076016419
14.358516406432614
13.589682489350235
13.693821723944794
12.159709688749327
14.47192737792971
13.655802727264517
14.389116827570772
13.456323980260755
14.416316354861864
14.408403522516396
14.334723365560077
10.499708789820186
13.633601137296521
12.800160377147652
13.516447955944587
12.043561884057507
14.458414772715965
14.317374647795049
14.424245597160654
13.674639924730279
13.53528418789387
14.298415986595586
14.371650653558603
11.322681492223898
14.461507450970668
14.391319668921604
14.383396876027989
14.320968799926158
13.582221861221873
12.655923664039758
13.534066634873124
13.598212285579187
14.326446463086963
13.6594433604229
13.524340528899442
14.267518558351865
12.822067777343557
14.33261509928479
14.28059586258393
14.297348287626095
14.403504183445529
13.64420722409917
14.292119155219384
14.336888150713335
14.372742071781769
14.374982608840075
13.672024161102797
12.792073013251798
14.27841199709526
13.58903715772766
14.403812971918663
13.606987902763498
12.156908422349897
14.304242585805445
14.368795234428015
13.529505345586017
13.552729503229333
14.24465178378309
12.040238965903146
14.382932302255108
12.802141485705993
11.980100851506704
13.622527899714257
14.400253961449447
14.343262628289702
13.64051066637399
13.643636043223912
14.39410815667405
13.506252913578965
13.614107901805253
14.33315963068057
12.849086347788298
14.269907298937222
13.573451042535844
13.634977868892735
14.370340056971212
12.919143970715039
12.796588822617899
12.760844586211705
13.535332709784957
13.63711091675771
14.434572734656477
14.336236458851394
14.455976366391424
13.574856204248947
12.762758089099377
11.949924396959759
13.606979708693384
14.29790232723531
14.275139070345777
12.889082575270868
13.600021366118186
13.648130856529072
13.587338974199778
14.263757255532987
13.619458481872858
13.660588064593703
13.641402331368319
14.31414175419841
13.572195286366142
12.945082928030715
14.515175076495082
13.58304421721067
14.359588701459549
13.563689276360895
13.609860272582562
13.59745557897083
14.438644587834293
14.376388299425066
14.329098976422417
12.894259805522097
13.564800873227954
13.676907273909563
13.6374487487932
14.348799685064826
14.3527288048276
14.346716321307966
13.58033799123282
14.354987274163665
13.604004388335552
14.424585504884373
12.839483782767287
13.655999729364543
14.361427516308924
12.893454128897483
14.330394255241993
14.349424554090582
13.512749099042628
13.499460794443646
14.370139046619254
12.785607637063158
14.375540795616196
12.836683246532521
13.5627028606382
14.366600141318242
13.619024715844251
14.36052719266382
14.397923564005668
12.89318771599748
12.836337735904799
12.789894166305796
14.437926657255655
14.35232433416866
14.301724928296146
14.316881809608262
13.56355976091623
13.577233394991683
12.695471178548528
13.536008895456801
13.533462500916533
14.333016195419617
13.642592585491643
14.36599412837397
14.36704990476479
13.562319653154946
13.572000857445989
12.859226535194168
13.453630784638596
14.37612985296438
13.523235667777382
14.384650326658463
13.537117486375553
12.786730866239683
14.393929969100045
14.33593510106595
14.326120651765978
14.322186164800838
14.434004611705152
13.544886986557525
14.294756418985719
14.294170405172006
13.472797839340922
12.831910005681822
13.671773611596155
13.523856152490719
12.770267752975183
14.35399438451416
13.58282678446927
12.929060658792473
14.351011959031807
14.251568542373642
14.33071146188578
13.593050844420002
12.931404850218534
14.497268596369793
14.307557817014223
14.350280034094522
13.570878409743772
14.407771828545398
12.827454086981094
13.55296795351608
13.597531479766513
13.627625797393849
14.327972526836193
14.417180203461026
14.349490964180124
12.050272569191272
14.384268293594356
14.3634531347093
14.304625837662263
13.534408724237407
13.645672595092204
12.848733641143069
14.334117741588221
13.596066760249627
14.40689161584087
14.34082316727739
14.303053248716449
14.387269384100117
13.609069371807339
13.656745335664896
13.60445758504184
14.365996178416763
13.562941281894036
13.556448688083723
14.318880809496195
13.5873402027005
14.432430677190386
13.512289398429335
14.353195090398257
13.511548985436226
14.418697429464055
12.752745559607511
14.379147425120328
14.392060272341244
14.392483816850277
14.288338378394796
14.242664941611991
14.37375046419289
14.399977497519172
12.807030069983337
14.317581398850015
13.564195498343913
13.598176038684464
14.316195771941935
14.302763810885649
14.383681362904401
14.359755261904041
13.547430062252518
14.386700358505486
14.259765041568544
14.381777287920126
13.520141267699941
14.380668362573823
14.366793077204687
14.376280408408428
14.39362483391147
14.366621501468407
14.40204994290973
13.550434984236723
14.368281097694883
14.337418088751587
14.268033654709368
14.397971515492099
14.363015775473121
13.578145215708664
14.332468441908878
12.784496225830058
13.678599855834888
14.420109843986348
14.329007371152878
14.260637651404906
12.871870042792143
14.294197857050653
14.326020455009777
14.398575992239765
14.266919771146254
13.571049521810325
14.408050407805149
13.500275312346284
14.440656572776984
14.392743226311424
13.623700247954186
12.797173289072155
13.600357131219491
13.550468261134487
13.583495866015173
14.390268668356685
13.670989772241006
13.6362315393829
14.285822368187008
13.628677403176882
14.442487443997157
14.428267014511636
14.354679433966584
14.36224353129908
14.416100570472208
14.366300875794689
13.562983097818408
14.304814015824082
13.671897810211341
14.454964659458053
14.372440591232415
14.322128563328766
14.33830915285239
13.623318456440785
14.378799045031688
13.671705609243787
14.325135158828855
14.318670195220202
13.538440538796781
14.35622097333334
13.618775383227067
13.621044571665132
13.509865841005706
14.31602283568926
13.544199616364867
13.532793818627827
14.350254356477539
12.08065733763772
14.240107925481846
13.697811479332437
14.40232679768281
14.389166079979471
14.4023582565229
14.347932644662713
14.315935046507777
13.566291300461751
14.377590182416817
14.283469717105262
13.5675172261824
14.402724843196822
14.340674626001487
14.382778680603424
14.323322926025636
14.335001002375627
14.381558606209396
14.366546939430027
14.319946044060163
13.539111564257839
12.802639101665761
13.54942287797259
14.275973901193925
14.35880537572285
14.33210391648755
13.658053277116592
14.410687785582137
13.633169424440279
14.323385557910674
14.330656292063978
14.4269518543411
14.356406349746166
14.340055239775843
13.67022755391588
14.330328797740567
12.034535948514305
14.337514812768012
13.621022453034682
13.584975160336752
14.344630349996804
14.321286630282195
14.334608034060084
14.36110000456196
13.49974124747904
14.324749848985967
13.660329866482849
13.666558980792354
13.693572661052286
14.341240955525553
14.37287869754187
14.390414590242415
14.337681022969619
14.325420065640806
12.884304187640172
14.373344739877695
14.261376833326489
14.381870798235987
13.611642842831746
14.327491905510387
14.259932310497645
14.40730531297348
14.308940975351844
14.302866250206947
12.834153066584825
14.323390455889284
14.353252818624659
14.40778297889056
14.288416077303877
13.618572482430325
13.526627308999014
14.426491487549944
14.32293247471027
14.420694936290106
14.343486395463822
13.532370884124003
14.362730146849074
14.348390356040355
14.318789699291496
13.554507050171457
14.284604899282026
14.385529176903423
14.368300465248177
14.372452869362265
14.307962988572918
14.33026361955836
14.342826537388014
14.31996408637303
14.400802551911427
14.384898318215189
13.637476487520349
14.258840589510468
14.308241850488843
14.425881806251583
14.416389237762242
14.350115372747114
14.46363989450811
14.247515600797286
14.260218026414766
14.315744859708369
14.272871712003163
14.38188825431008
14.399687701846554
14.364160076039445
14.331452504166302
14.389667744616574
14.374441651364966
13.61943582395426
14.377194938651801
14.32435538667335
13.639480377802041
14.45159768779775
13.60851662308291
14.264226647024529
14.353193924647062
14.337303814940594
14.37517057664909
14.239757540641952
14.283505254355582
14.30221426898596
12.95824675743592
14.35144875355353
13.550768375625932
14.282895985606688
14.411015963452183
13.561959116407527
14.317141135773797
14.389284053432451
14.296240800968977
14.383409889958708
14.278159288578173
14.320311152880251
14.436121411694055
13.650017621841254
14.385067116566809
14.293558188936535
13.605439101360833
14.362105577746531
13.58582542419203
14.385179484429155
14.323949589564101
14.369932395548604
14.371825858744138
14.325951510370508
14.334280889506877
14.276981187804058
14.372849352419905
14.278462733061303
14.349810171042412
14.342718938358352
14.350318866359503
14.348399949609176
13.48425757119453
14.32059440515957
14.44196692809149
14.286162032570243
14.371306934292887
14.323679491185402
14.301026913352116
14.343741708278857
14.298847745151093
14.298182201814774
14.367347637559389
14.233903131112944
13.513231050362306
14.293583449071395
14.345853011793475
14.395329146613921
14.375509052859963
14.37271572973992
13.540070438486872
14.38561523606768
14.383866738121432
14.27018116661456
14.415987956425449
14.340136506340974
14.299362942307589
14.23470306258788
14.354392863205112
14.369139694152565
14.34406768334401
14.304104724307242
14.348149963764405
14.31198541972454
14.329482774774238
13.656425453776015
14.316448016644518
14.219742962249871
14.357132085245635
14.394798594246657
14.36177710376761
14.425082220062615
14.29393554255367
14.253851737464043
14.377615795161894
14.273406045475985
14.353722556865609
14.323202645434598
14.290184285099903
14.369620118471055
14.236036977317015
14.417141783147617
14.327472278021032
14.283969826012344
14.276155099048642
14.260866600814206
14.4640864262436
14.395978989154553
14.428570259894805
14.4477179495849
14.37774088658794
14.351784585262525
13.60912518257556
14.36580397744921
14.29987158964338
14.373745758139465
14.33169808290654
14.343181337553535
14.305457244419475
14.318483328248213
14.312148500379694
14.4464791070301
14.364548295850822
14.328815066300587
14.380035814674887
14.396506719743247
14.392653215939692
14.401081936987913
14.270990402724212
14.314729860964253
13.54497016699345
14.347399934482361
14.361011806268923
14.369605874453304
14.327922340492382
14.306090522800025
14.24939762755357
14.39404085955698
14.418584026192228
14.45497153543199
14.39854139802372
14.361589712887692
14.384468227771789
14.374178090251116
14.318309158831365
14.333079265640421
14.22890782251787
14.382931331978138
14.279673163962046
14.279461092908114
14.343094172128911
14.439325612559728
14.2937547286988
14.40382340263985
14.331834358160021
14.40245518083508
14.267691617120374
14.275195927963361
14.284278095530551
14.387284340812018
14.419368746101332
14.28923748153019
14.288523889035673
